0	50.5679
1	50.9012
2	50.6891
3	50.9233
4	50.7923
5	50.9601
6	50.8834
7	51.0067
8	50.9664
9	51.06
10	51.0441
11	51.1177
12	51.1181
13	51.1784
14	51.1896
15	51.241
16	51.2596
17	51.305
18	51.3284
19	51.3699
20	51.3966
21	51.4353
22	51.4642
23	51.5012
24	51.5316
25	51.5673
26	51.5987
27	51.6336
28	51.6656
29	51.7001
30	51.7325
31	51.7666
32	51.7993
33	51.8331
34	51.8661
35	51.8997
36	51.9328
37	51.9663
38	51.9995
39	52.033
40	52.0662
41	52.0996
42	52.1329
43	52.1663
44	52.1995
45	52.2329
46	52.2662
47	52.2996
48	52.3329
49	52.3662
50	52.3996
51	52.4329
52	52.4662
53	52.4996
54	52.5329
55	52.5662
56	52.5996
57	52.6329
58	52.6662
59	52.6996
60	52.7329
61	52.7662
62	52.7996
63	52.8329
64	52.8662
65	52.8996
66	52.9329
67	52.9662
68	52.9996
69	53.0329
70	53.0662
71	53.0996
72	53.1329
73	53.1662
74	53.1996
75	53.2329
76	53.2662
77	53.2996
78	53.3329
79	53.3662
80	53.3996
81	53.4329
82	53.4662
83	53.4996
84	53.5329
85	53.5662
86	53.5996
87	53.6329
88	53.6662
89	53.6996
90	53.7329
91	53.7662
92	53.7996
93	53.8329
94	53.8662
95	53.8996
96	53.9329
97	53.9662
98	53.9996
99	54.0329
100	54.0662
101	54.0996
102	54.1329
103	54.1662
104	54.1996
105	54.2329
106	54.2662
107	54.2996
108	54.3329
109	54.3662
110	54.3996
111	54.4329
112	54.4662
113	54.4996
114	54.5329
115	54.5662
116	54.5996
117	54.6329
118	54.6662
119	54.6996
120	54.7329
121	54.7662
122	54.7996
123	54.8329
124	54.8662
125	54.8996
126	54.9329
127	54.9662
128	54.9996
129	55.0329
130	55.0662
131	55.0996
132	55.1329
133	55.1662
134	55.1996
135	55.2329
136	55.2662
137	55.2996
138	55.3329
139	55.3662
140	55.3996
141	55.4329
142	55.4662
143	55.4996
144	55.5329
145	55.5662
146	55.5996
147	55.6329
148	55.6662
149	55.6996
150	55.7329
151	55.7662
152	55.7996
153	55.8329
154	55.8662
155	55.8996
156	55.9329
157	55.9662
158	55.9996
159	56.0329
160	56.0662
161	56.0996
162	56.1329
163	56.1662
164	56.1996
165	56.2329
166	56.2662
167	56.2996
168	56.3329
169	56.3662
170	56.3996
171	56.4329
172	56.4662
173	56.4996
174	56.5329
175	56.5662
176	56.5996
177	56.6329
178	56.6662
179	56.6996
180	56.7329
181	56.7662
182	56.7996
183	56.8329
184	56.8662
185	56.8996
186	56.9329
187	56.9662
188	56.9996
189	57.0329
190	57.0662
191	57.0996
192	57.1329
193	57.1662
194	57.1996
195	57.2329
196	57.2662
197	57.2996
198	57.3329
199	57.3662
200	57.3996
201	57.4329
202	57.4662
203	57.4996
204	57.5329
205	57.5662
206	57.5996
207	57.6329
208	57.6662
209	57.6996
210	57.7329
211	57.7662
212	57.7996
213	57.8329
214	57.8662
215	57.8996
216	57.9329
217	57.9662
218	57.9996
219	58.0329
220	58.0662
221	58.0996
222	58.1329
223	58.1662
224	58.1996
225	58.2329
226	58.2662
227	58.2996
228	58.3329
229	58.3662
230	58.3996
231	58.4329
232	58.4662
233	58.4996
234	58.5329
235	58.5662
236	58.5996
237	58.6329
238	58.6662
239	58.6996
240	58.7329
241	58.7662
242	58.7996
243	58.8329
244	58.8662
245	58.8996
246	58.9329
247	58.9662
248	58.9996
249	59.0329
250	59.0662
251	59.0996
252	59.1329
253	59.1662
254	59.1996
255	59.2329
256	59.2662
257	59.2996
258	59.3329
259	59.3662
260	59.3996
261	59.4329
262	59.4662
263	59.4996
264	59.5329
265	59.5662
266	59.5996
267	59.6329
268	59.6662
269	59.6996
270	59.7329
271	59.7662
272	59.7996
273	59.8329
274	59.8662
275	59.8996
276	59.9329
277	59.9662
278	59.9996
279	60.0329
280	60.0662
281	60.0996
282	60.1329
283	60.1662
284	60.1996
285	60.2329
286	60.2662
287	60.2996
288	60.3329
289	60.3662
290	60.3996
291	60.4329
292	60.4662
293	60.4996
294	60.5329
295	60.5662
296	60.5996
297	60.6329
298	60.6662
299	60.6996
300	60.7329
301	60.7662
302	60.7996
303	60.8329
304	60.8662
305	60.8996
306	60.9329
307	60.9662
308	60.9996
309	61.0329
310	61.0662
311	61.0996
312	61.1329
313	61.1662
314	61.1996
315	61.2329
316	61.2662
317	61.2996
318	61.3329
319	61.3662
320	61.3996
321	61.4329
322	61.4662
323	61.4996
324	61.5329
325	61.5662
326	61.5996
327	61.6329
328	61.6662
329	61.6996
330	61.7329
331	61.7662
332	61.7996
333	61.8329
334	61.8662
335	61.8996
336	61.9329
337	61.9662
338	61.9996
339	62.0329
340	62.0662
341	62.0996
342	62.1329
343	62.1662
344	62.1996
345	62.2329
346	62.2662
347	62.2996
348	62.3329
349	62.3662
350	62.3996
351	62.4329
352	62.4662
353	62.4996
354	62.5329
355	62.5662
356	62.5996
357	62.6329
358	62.6662
359	62.6996
360	62.7329
361	62.7662
362	62.7996
363	62.8329
364	62.8662
365	62.8996
366	62.9329
367	62.9662
368	62.9996
369	63.0329
370	63.0662
371	63.0996
372	63.1329
373	63.1662
374	63.1996
375	63.2329
376	63.2662
377	63.2996
378	63.3329
379	63.3662
380	63.3996
381	63.4329
382	63.4662
383	63.4996
384	63.5329
385	63.5662
386	63.5996
387	63.6329
388	63.6662
389	63.6996
390	63.7329
391	63.7662
392	63.7996
393	63.8329
394	63.8662
395	63.8996
396	63.9329
397	63.9662
398	63.9996
399	64.0329
400	64.0662
401	64.0996
402	64.1329
403	64.1662
404	64.1996
405	64.2329
406	64.2662
407	64.2996
408	64.3329
409	64.3662
410	64.3996
411	64.4329
412	64.4662
413	64.4996
414	64.5329
415	64.5662
416	64.5996
417	64.6329
418	64.6662
419	64.6996
420	64.7329
421	64.7662
422	64.7996
423	64.8329
424	64.8662
425	64.8996
426	64.9329
427	64.9662
428	64.9996
429	65.0329
430	65.0662
431	65.0996
432	65.1329
433	65.1662
434	65.1996
435	65.2329
436	65.2662
437	65.2996
438	65.3329
439	65.3662
440	65.3996
441	65.4329
442	65.4662
443	65.4996
444	65.5329
445	65.5662
446	65.5996
447	65.6329
448	65.6662
449	65.6996
450	65.7329
451	65.7662
452	65.7996
453	65.8329
454	65.8662
455	65.8996
456	65.9329
457	65.9662
458	65.9996
459	66.0329
460	66.0662
461	66.0996
462	66.1329
463	66.1662
464	66.1996
465	66.2329
466	66.2662
467	66.2996
468	66.3329
469	66.3662
470	66.3996
471	66.4329
472	66.4662
473	66.4996
474	66.5329
475	66.5662
476	66.5996
477	66.6329
478	66.6662
479	66.6996
480	66.7329
481	66.7662
482	66.7996
483	66.8329
484	66.8662
485	66.8996
486	66.9329
487	66.9662
488	66.9996
489	67.0329
490	67.0662
491	67.0996
492	67.1329
493	67.1662
494	67.1996
495	67.2329
496	67.2662
497	67.2996
498	67.3329
499	67.3662
500	67.3996
501	67.4329
502	67.4662
503	67.4996
504	67.5329
505	67.5662
506	67.5996
507	67.6329
508	67.6662
509	67.6996
510	67.7329
511	67.7662
512	67.7996
513	67.8329
514	67.8662
515	67.8996
516	67.9329
517	67.9662
518	67.9996
519	68.0329
520	68.0662
521	68.0996
522	68.1329
523	68.1662
524	68.1996
525	68.2329
526	68.2662
527	68.2996
528	68.3329
529	68.3662
530	68.3996
531	68.4329
532	68.4662
533	68.4996
534	68.5329
535	68.5662
536	68.5996
537	68.6329
538	68.6662
539	68.6996
540	68.7329
541	68.7662
542	68.7996
543	68.8329
544	68.8662
545	68.8996
546	68.9329
547	68.9662
548	68.9996
549	69.0329
550	69.0662
551	69.0996
552	69.1329
553	69.1662
554	69.1996
555	69.2329
556	69.2662
557	69.2996
558	69.3329
559	69.3662
560	69.3996
561	69.4329
562	69.4662
563	69.4996
564	69.5329
565	69.5662
566	69.5996
567	69.6329
568	69.6662
569	69.6996
570	69.7329
571	69.7662
572	69.7996
573	69.8329
574	69.8662
575	69.8996
576	69.9329
577	69.9662
578	69.9996
579	70.0329
580	70.0662
581	70.0996
582	70.1329
583	70.1662
584	70.1996
585	70.2329
586	70.2662
587	70.2996
588	70.3329
589	70.3662
590	70.3996
591	70.4329
592	70.4662
593	70.4996
594	70.5329
595	70.5662
596	70.5996
597	70.6329
598	70.6662
599	70.6996
600	70.7329
601	70.7662
602	70.7996
603	70.8329
604	70.8662
605	70.8996
606	70.9329
607	70.9662
608	70.9996
609	71.0329
610	71.0662
611	71.0996
612	71.1329
613	71.1662
614	71.1996
615	71.2329
616	71.2662
617	71.2996
618	71.3329
619	71.3662
620	71.3996
621	71.4329
622	71.4662
623	71.4996
624	71.5329
625	71.5662
626	71.5996
627	71.6329
628	71.6662
629	71.6996
630	71.7329
631	71.7662
632	71.7996
633	71.8329
634	71.8662
635	71.8996
636	71.9329
637	71.9662
638	71.9996
639	72.0329
640	72.0662
641	72.0996
642	72.1329
643	72.1662
644	72.1996
645	72.2329
646	72.2662
647	72.2996
648	72.3329
649	72.3662
650	72.3996
651	72.4329
652	72.4662
653	72.4996
654	72.5329
655	72.5662
656	72.5996
657	72.6329
658	72.6662
659	72.6996
660	72.7329
661	72.7662
662	72.7996
663	72.8329
664	72.8662
665	72.8996
666	72.9329
667	72.9662
668	72.9996
669	73.0329
670	73.0662
671	73.0996
672	73.1329
673	73.1662
674	73.1996
675	73.2329
676	73.2662
677	73.2996
678	73.3329
679	73.3662
680	73.3996
681	73.4329
682	73.4662
683	73.4996
684	73.5329
685	73.5662
686	73.5996
687	73.6329
688	73.6662
689	73.6996
690	73.7329
691	73.7662
692	73.7996
693	73.8329
694	73.8662
695	73.8996
696	73.9329
697	73.9662
698	73.9996
699	74.0329
700	74.0662
701	74.0996
702	74.1329
703	74.1662
704	74.1996
705	74.2329
706	74.2662
707	74.2996
708	74.3329
709	74.3662
710	74.3996
711	74.4329
712	74.4662
713	74.4996
714	74.5329
715	74.5662
716	74.5996
717	74.6329
718	74.6662
719	74.6996
720	74.7329
721	74.7662
722	74.7996
723	74.8329
724	74.8662
725	74.8996
726	74.9329
727	74.9662
728	74.9996
729	75.0329
730	75.0662
731	75.0996
732	75.1329
733	75.1662
734	75.1996
735	75.2329
736	75.2662
737	75.2996
738	75.3329
739	75.3662
740	75.3996
741	75.4329
742	75.4662
743	75.4996
744	75.5329
745	75.5662
746	75.5996
747	75.6329
748	75.6662
749	75.6996
750	75.7329
751	75.7662
752	75.7996
753	75.8329
754	75.8662
755	75.8996
756	75.9329
757	75.9662
758	75.9996
759	76.0329
760	76.0662
761	76.0996
762	76.1329
763	76.1662
764	76.1996
765	76.2329
766	76.2662
767	76.2996
768	76.3329
769	76.3662
770	76.3996
771	76.4329
772	76.4662
773	76.4996
774	76.5329
775	76.5662
776	76.5996
777	76.6329
778	76.6662
779	76.6996
780	76.7329
781	76.7662
782	76.7996
783	76.8329
784	76.8662
785	76.8996
786	76.9329
787	76.9662
788	76.9996
789	77.0329
790	77.0662
791	77.0996
792	77.1329
793	77.1662
794	77.1996
795	77.2329
796	77.2662
797	77.2996
798	77.3329
799	77.3662
800	77.3996
801	77.4329
802	77.4662
803	77.4996
804	77.5329
805	77.5662
806	77.5996
807	77.6329
808	77.6662
809	77.6996
810	77.7329
811	77.7662
812	77.7996
813	77.8329
814	77.8662
815	77.8996
816	77.9329
817	77.9662
818	77.9996
819	78.0329
820	78.0662
821	78.0996
822	78.1329
823	78.1662
824	78.1996
825	78.2329
826	78.2662
827	78.2996
828	78.3329
829	78.3662
830	78.3996
831	78.4329
832	78.4662
833	78.4996
834	78.5329
835	78.5662
836	78.5996
837	78.6329
838	78.6662
839	78.6996
840	78.7329
841	78.7662
842	78.7996
843	78.8329
844	78.8662
845	78.8996
846	78.9329
847	78.9662
848	78.9996
849	79.0329
850	79.0662
851	79.0996
852	79.1329
853	79.1662
854	79.1996
855	79.2329
856	79.2662
857	79.2996
858	79.3329
859	79.3662
860	79.3996
861	79.4329
862	79.4662
863	79.4996
864	79.5329
865	79.5662
866	79.5996
867	79.6329
868	79.6662
869	79.6996
870	79.7329
871	79.7662
872	79.7996
873	79.8329
874	79.8662
875	79.8996
876	79.9329
877	79.9662
878	79.9996
879	80.0329
880	80.0662
881	80.0996
882	80.1329
883	80.1662
884	80.1996
885	80.2329
886	80.2662
887	80.2996
888	80.3329
889	80.3662
890	80.3996
891	80.4329
892	80.4662
893	80.4996
894	80.5329
895	80.5662
896	80.5996
897	80.6329
898	80.6662
899	80.6996
900	80.7329
901	80.7662
902	80.7996
903	80.8329
904	80.8662
905	80.8996
906	80.9329
907	80.9662
908	80.9996
909	81.0329
910	81.0662
911	81.0996
912	81.1329
913	81.1662
914	81.1996
915	81.2329
916	81.2662
917	81.2996
918	81.3329
919	81.3662
920	81.3996
921	81.4329
922	81.4662
923	81.4996
924	81.5329
925	81.5662
926	81.5996
927	81.6329
928	81.6662
929	81.6996
930	81.7329
931	81.7662
932	81.7996
933	81.8329
934	81.8662
935	81.8996
936	81.9329
937	81.9662
938	81.9996
939	82.0329
940	82.0662
941	82.0996
942	82.1329
943	82.1662
944	82.1996
945	82.2329
946	82.2662
947	82.2996
948	82.3329
949	82.3662
950	82.3996
951	82.4329
952	82.4662
953	82.4996
954	82.5329
955	82.5662
956	82.5996
957	82.6329
958	82.6662
959	82.6996
960	82.7329
961	82.7662
962	82.7996
963	82.8329
964	82.8662
965	82.8996
966	82.9329
967	82.9662
968	82.9996
969	83.0329
970	83.0662
971	83.0996
972	83.1329
973	83.1662
974	83.1996
975	83.2329
976	83.2662
977	83.2996
978	83.3329
979	83.3662
980	83.3996
981	83.4329
982	83.4662
983	83.4996
984	83.5329
985	83.5662
986	83.5996
987	83.6329
988	83.6662
989	83.6996
990	83.7329
991	83.7662
992	83.7996
993	83.8329
994	83.8662
995	83.8996
996	83.9329
997	83.9662
998	83.9996
999	84.0329
