0	5.79573e-60
1	1.56129e-59
2	-2.7011e-59
3	2.11555e-58
4	-1.05195e-57
5	5.59614e-57
6	-2.87863e-56
7	1.46414e-55
8	-7.32797e-55
9	3.61321e-54
10	-1.75481e-53
11	8.39542e-53
12	-3.95685e-52
13	1.83725e-51
14	-8.40454e-51
15	3.78777e-50
16	-1.68175e-49
17	7.35542e-49
18	-3.16844e-48
19	1.34385e-47
20	-5.60963e-47
21	2.30305e-46
22	-9.29057e-46
23	3.67744e-45
24	-1.42543e-44
25	5.3949e-44
26	-1.98517e-43
27	7.05556e-43
28	-2.39624e-42
29	7.62933e-42
30	-2.18862e-41
31	5.07875e-41
32	-5.1909e-41
33	-3.93195e-40
34	3.8717e-39
35	-2.39193e-38
36	1.25091e-37
37	-5.96569e-37
38	2.67329e-36
39	-1.1425e-35
40	4.696e-35
41	-1.86589e-34
42	7.19044e-34
43	-2.69332e-33
44	9.82055e-33
45	-3.48936e-32
46	1.20901e-31
47	-4.08689e-31
48	1.34825e-30
49	-4.34143e-30
50	1.36458e-29
51	-4.18643e-29
52	1.25342e-28
53	-3.66135e-28
54	1.04307e-27
55	-2.89655e-27
56	7.83519e-27
57	-2.06264e-26
58	5.27817e-26
59	-1.31079e-25
60	3.15227e-25
61	-7.31845e-25
62	1.63294e-24
63	-3.47755e-24
64	6.98827e-24
65	-1.29767e-23
66	2.12981e-23
67	-2.7255e-23
68	1.14545e-23
69	8.57271e-23
70	-4.23581e-22
71	1.39102e-21
72	-3.87582e-21
73	9.79621e-21
74	-2.31047e-20
75	5.16053e-20
76	-1.10111e-19
77	2.25713e-19
78	-4.46228e-19
79	8.53187e-19
80	-1.58098e-18
81	2.84382e-18
82	-4.97191e-18
83	8.45734e-18
84	-1.40086e-17
85	2.26105e-17
86	-3.55816e-17
87	5.46206e-17
88	-8.1825e-17
89	1.19666e-16
90	-1.70902e-16
91	2.3842e-16
92	-3.24986e-16
93	4.32934e-16
94	-5.63788e-16
95	7.17882e-16
96	-8.94018e-16
97	1.08925e-15
98	-1.29883e-15
99	1.51643e-15
100	-1.73457e-15
101	1.94539e-15
102	-2.14154e-15
103	2.31724e-15
104	-2.46933e-15
105	2.59808e-15
106	-2.70764e-15
107	2.80703e-15
108	-2.90873e-15
109	3.02841e-15
110	-3.18326e-15
111	3.3916e-15
112	-3.67045e-15
113	4.03403e-15
114	-4.49197e-15
115	5.04801e-15
116	-5.69902e-15
117	6.43422e-15
118	-7.23534e-15
119	8.07686e-15
120	-8.92731e-15
121	9.75064e-15
122	-1.05086e-14
123	1.11626e-14
124	-1.16771e-14
125	1.20208e-14
126	-1.21699e-14
127	1.21088e-14
128	-1.18327e-14
129	1.13479e-14
130	-1.06727e-14
131	9.83675e-15
132	-8.87784e-15
133	7.83739e-15
134	-6.75568e-15
135	5.66953e-15
136	-4.61327e-15
137	3.62049e-15
138	-2.72226e-15
139	1.94114e-15
140	-1.28558e-15
141	7.51401e-16
142	-3.30014e-16
143	1.49494e-17
144	2.00625e-16
145	-3.30988e-16
146	3.9825e-16
147	-4.23051e-16
148	4.16752e-16
149	-3.85155e-16
150	3.37672e-16
151	-2.87631e-16
152	2.43125e-16
153	-2.02786e-16
154	1.63658e-16
155	-1.28899e-16
156	1.03499e-16
157	-8.58203e-17
158	6.97511e-17
159	-5.38873e-17
160	4.22617e-17
161	-3.57963e-17
162	2.98418e-17
163	-2.18263e-17
164	1.50959e-17
165	-1.21673e-17
166	1.00441e-17
167	-5.84067e-18
168	1.92874e-18
169	-1.08791e-18
170	1.2562e-18
171	4.17901e-19
172	-2.30947e-18
173	1.88597e-18
174	-6.87366e-19
175	1.22209e-18
176	-2.19962e-18
177	1.44635e-18
178	-2.27548e-19
179	5.73941e-19
180	-1.28547e-18
181	6.10496e-19
182	2.79093e-19
183	1.57245e-19
184	-7.27981e-19
185	1.49237e-19
186	4.20233e-19
187	8.11359e-20
188	-4.72736e-19
189	-5.33563e-20
190	3.68421e-19
191	1.28889e-19
192	-3.2284e-19
193	-1.48209e-19
194	2.5874e-19
195	1.78912e-19
196	-1.97013e-19
197	-1.88015e-19
198	1.4223e-19
199	1.94741e-19
200	-8.46058e-20
201	-1.84659e-19
202	4.00299e-20
203	1.73039e-19
204	5.14076e-21
205	-1.47312e-19
206	-3.41057e-20
207	1.24037e-19
208	6.19643e-20
209	-9.03379e-20
210	-7.2538e-20
211	6.40121e-20
212	8.25635e-20
213	-3.12387e-20
214	-7.64935e-20
215	1.0259e-20
216	7.26211e-20
217	1.43239e-20
218	-5.55694e-20
219	-2.4504e-20
220	4.47303e-20
221	3.75991e-20
222	-2.41916e-20
223	-3.60273e-20
224	1.37812e-20
225	3.88886e-20
226	3.65699e-21
227	-2.87021e-20
228	-8.40139e-21
229	2.58181e-20
230	1.92509e-20
231	-1.2234e-20
232	-1.67329e-20
233	8.89318e-21
234	2.12197e-20
235	3.32849e-21
236	-1.31922e-20
237	-3.36552e-21
238	1.41604e-20
239	1.17607e-20
240	-4.02912e-21
241	-7.41662e-21
242	4.92526e-21
243	1.22e-20
244	4.28533e-21
245	-4.71983e-21
246	-1.186e-21
247	7.8121e-21
248	8.13025e-21
249	6.0958e-22
250	-2.42121e-21
251	2.89378e-21
252	7.51107e-21
253	4.75784e-21
254	-1.91533e-22
255	3.0091e-22
256	4.74315e-21
257	6.06902e-21
258	2.83257e-21
259	4.80769e-22
260	2.35101e-21
261	5.118e-21
262	4.65258e-21
263	2.15353e-21
264	1.58995e-21
265	3.51851e-21
266	4.80423e-21
267	3.72352e-21
268	2.2316e-21
269	2.57315e-21
270	4.00959e-21
271	4.34591e-21
272	3.30465e-21
273	2.62248e-21
274	3.25295e-21
275	4.12847e-21
276	3.9983e-21
277	3.2376e-21
278	3.05975e-21
279	3.66212e-21
280	4.10458e-21
281	3.81948e-21
282	3.3575e-21
283	3.43427e-21
284	3.89308e-21
285	4.0621e-21
286	3.78266e-21
287	3.55297e-21
288	3.7238e-21
289	4.02784e-21
290	4.0523e-21
291	3.84156e-21
292	3.76309e-21
293	3.94145e-21
294	4.12212e-21
295	4.0875e-21
296	3.9552e-21
297	3.96065e-21
298	4.11e-21
299	4.20809e-21
300	4.1622e-21
301	4.09458e-21
302	4.13821e-21
303	4.25059e-21
304	4.30087e-21
305	4.26522e-21
306	4.24252e-21
307	4.29795e-21
308	4.37847e-21
309	4.40509e-21
310	4.38589e-21
311	4.39077e-21
312	4.44531e-21
313	4.50284e-21
314	4.52024e-21
315	4.51648e-21
316	4.53652e-21
317	4.58554e-21
318	4.62835e-21
319	4.64405e-21
320	4.65224e-21
321	4.67966e-21
322	4.7226e-21
323	4.75689e-21
324	4.77418e-21
325	4.79068e-21
326	4.82112e-21
327	4.85901e-21
328	4.88891e-21
329	4.90881e-21
330	4.93069e-21
331	4.96198e-21
332	4.99628e-21
333	5.02424e-21
334	5.04673e-21
335	5.07194e-21
336	5.10317e-21
337	5.13516e-21
338	5.16259e-21
339	5.18724e-21
340	5.21447e-21
341	5.24537e-21
342	5.27605e-21
343	5.30363e-21
344	5.32999e-21
345	5.35844e-21
346	5.38905e-21
347	5.4191e-21
348	5.44716e-21
349	5.47482e-21
350	5.50405e-21
351	5.53452e-21
352	5.56439e-21
353	5.59304e-21
354	5.6217e-21
355	5.6515e-21
356	5.68197e-21
357	5.71195e-21
358	5.74123e-21
359	5.77069e-21
360	5.80095e-21
361	5.83156e-21
362	5.86182e-21
363	5.89172e-21
364	5.92185e-21
365	5.95253e-21
366	5.9834e-21
367	6.01405e-21
368	6.04454e-21
369	6.07526e-21
370	6.10637e-21
371	6.13759e-21
372	6.16869e-21
373	6.19974e-21
374	6.23102e-21
375	6.26257e-21
376	6.2942e-21
377	6.32579e-21
378	6.35741e-21
379	6.38923e-21
380	6.42124e-21
381	6.45334e-21
382	6.48544e-21
383	6.51762e-21
384	6.54997e-21
385	6.58248e-21
386	6.61507e-21
387	6.64771e-21
388	6.68045e-21
389	6.71334e-21
390	6.74638e-21
391	6.7795e-21
392	6.8127e-21
393	6.84601e-21
394	6.87946e-21
395	6.91304e-21
396	6.94672e-21
397	6.98049e-21
398	7.01439e-21
399	7.04841e-21
400	7.08256e-21
401	7.11683e-21
402	7.15119e-21
403	7.18568e-21
404	7.22031e-21
405	7.25506e-21
406	7.28992e-21
407	7.32491e-21
408	7.36001e-21
409	7.39525e-21
410	7.43063e-21
411	7.46612e-21
412	7.50173e-21
413	7.53748e-21
414	7.57336e-21
415	7.60938e-21
416	7.64552e-21
417	7.6818e-21
418	7.71821e-21
419	7.75475e-21
420	7.79144e-21
421	7.82825e-21
422	7.86521e-21
423	7.9023e-21
424	7.93954e-21
425	7.97692e-21
426	8.01444e-21
427	8.0521e-21
428	8.0899e-21
429	8.12785e-21
430	8.16595e-21
431	8.2042e-21
432	8.24259e-21
433	8.28113e-21
434	8.31982e-21
435	8.35866e-21
436	8.39766e-21
437	8.43681e-21
438	8.47612e-21
439	8.51557e-21
440	8.5552e-21
441	8.59497e-21
442	8.63491e-21
443	8.675e-21
444	8.71526e-21
445	8.75569e-21
446	8.79627e-21
447	8.83702e-21
448	8.87794e-21
449	8.91903e-21
450	8.96028e-21
451	9.00171e-21
452	9.0433e-21
453	9.08507e-21
454	9.12702e-21
455	9.16914e-21
456	9.21143e-21
457	9.25391e-21
458	9.29656e-21
459	9.3394e-21
460	9.38242e-21
461	9.42562e-21
462	9.469e-21
463	9.51257e-21
464	9.55633e-21
465	9.60028e-21
466	9.64441e-21
467	9.68874e-21
468	9.73327e-21
469	9.77798e-21
470	9.8229e-21
471	9.86801e-21
472	9.91332e-21
473	9.95883e-21
474	1.00045e-20
475	1.00505e-20
476	1.00966e-20
477	1.01429e-20
478	1.01894e-20
479	1.02362e-20
480	1.02831e-20
481	1.03303e-20
482	1.03777e-20
483	1.04253e-20
484	1.04731e-20
485	1.05211e-20
486	1.05694e-20
487	1.06179e-20
488	1.06666e-20
489	1.07155e-20
490	1.07647e-20
491	1.0814e-20
492	1.08637e-20
493	1.09135e-20
494	1.09636e-20
495	1.10139e-20
496	1.10645e-20
497	1.11153e-20
498	1.11663e-20
499	1.12176e-20
500	1.12691e-20
501	1.13209e-20
502	1.13729e-20
503	1.14252e-20
504	1.14777e-20
505	1.15305e-20
506	1.15835e-20
507	1.16368e-20
508	1.16904e-20
509	1.17442e-20
510	1.17983e-20
511	1.18527e-20
512	1.19073e-20
513	1.19622e-20
514	1.20173e-20
515	1.20728e-20
516	1.21285e-20
517	1.21845e-20
518	1.22407e-20
519	1.22973e-20
520	1.23541e-20
521	1.24113e-20
522	1.24687e-20
523	1.25264e-20
524	1.25844e-20
525	1.26427e-20
526	1.27013e-20
527	1.27602e-20
528	1.28194e-20
529	1.28789e-20
530	1.29387e-20
531	1.29988e-20
532	1.30593e-20
533	1.312e-20
534	1.31811e-20
535	1.32425e-20
536	1.33042e-20
537	1.33662e-20
538	1.34286e-20
539	1.34912e-20
540	1.35543e-20
541	1.36176e-20
542	1.36813e-20
543	1.37453e-20
544	1.38097e-20
545	1.38744e-20
546	1.39395e-20
547	1.40049e-20
548	1.40706e-20
549	1.41368e-20
550	1.42032e-20
551	1.42701e-20
552	1.43373e-20
553	1.44048e-20
554	1.44728e-20
555	1.45411e-20
556	1.46098e-20
557	1.46788e-20
558	1.47482e-20
559	1.48181e-20
560	1.48883e-20
561	1.49589e-20
562	1.50299e-20
563	1.51012e-20
564	1.5173e-20
565	1.52452e-20
566	1.53178e-20
567	1.53907e-20
568	1.54641e-20
569	1.5538e-20
570	1.56122e-20
571	1.56868e-20
572	1.57619e-20
573	1.58374e-20
574	1.59133e-20
575	1.59897e-20
576	1.60665e-20
577	1.61437e-20
578	1.62214e-20
579	1.62995e-20
580	1.6378e-20
581	1.64571e-20
582	1.65365e-20
583	1.66165e-20
584	1.66969e-20
585	1.67777e-20
586	1.6859e-20
587	1.69408e-20
588	1.70231e-20
589	1.71059e-20
590	1.71891e-20
591	1.72729e-20
592	1.73571e-20
593	1.74418e-20
594	1.7527e-20
595	1.76127e-20
596	1.76989e-20
597	1.77857e-20
598	1.78729e-20
599	1.79607e-20
600	1.8049e-20
601	1.81378e-20
602	1.82272e-20
603	1.8317e-20
604	1.84074e-20
605	1.84984e-20
606	1.85899e-20
607	1.86819e-20
608	1.87745e-20
609	1.88677e-20
610	1.89614e-20
611	1.90557e-20
612	1.91506e-20
613	1.9246e-20
614	1.9342e-20
615	1.94386e-20
616	1.95359e-20
617	1.96336e-20
618	1.9732e-20
619	1.9831e-20
620	1.99306e-20
621	2.00308e-20
622	2.01316e-20
623	2.02331e-20
624	2.03352e-20
625	2.04379e-20
626	2.05412e-20
627	2.06452e-20
628	2.07498e-20
629	2.08551e-20
630	2.0961e-20
631	2.10676e-20
632	2.11748e-20
633	2.12828e-20
634	2.13914e-20
635	2.15007e-20
636	2.16107e-20
637	2.17214e-20
638	2.18327e-20
639	2.19448e-20
640	2.20576e-20
641	2.21711e-20
642	2.22854e-20
643	2.24003e-20
644	2.2516e-20
645	2.26325e-20
646	2.27497e-20
647	2.28676e-20
648	2.29864e-20
649	2.31058e-20
650	2.32261e-20
651	2.33472e-20
652	2.3469e-20
653	2.35917e-20
654	2.37151e-20
655	2.38394e-20
656	2.39646e-20
657	2.40905e-20
658	2.42173e-20
659	2.4345e-20
660	2.44735e-20
661	2.46029e-20
662	2.47333e-20
663	2.48644e-20
664	2.49966e-20
665	2.51297e-20
666	2.52636e-20
667	2.53985e-20
668	2.55345e-20
669	2.56714e-20
670	2.58093e-20
671	2.59482e-20
672	2.60883e-20
673	2.62293e-20
674	2.63714e-20
675	2.65146e-20
676	2.66589e-20
677	2.68045e-20
678	2.69512e-20
679	2.7099e-20
680	2.72481e-20
681	2.73986e-20
682	2.75503e-20
683	2.77033e-20
684	2.78578e-20
685	2.80136e-20
686	2.81709e-20
687	2.83297e-20
688	2.84902e-20
689	2.86522e-20
690	2.88159e-20
691	2.89813e-20
692	2.91487e-20
693	2.93179e-20
694	2.9489e-20
695	2.96622e-20
696	2.98377e-20
697	3.00153e-20
698	3.01951e-20
699	3.03777e-20
700	3.05627e-20
701	3.07504e-20
702	3.09411e-20
703	3.11348e-20
704	3.13316e-20
705	3.15318e-20
706	3.17356e-20
707	3.19432e-20
708	3.21547e-20
709	3.23705e-20
710	3.25908e-20
711	3.28159e-20
712	3.30459e-20
713	3.32815e-20
714	3.35229e-20
715	3.37702e-20
716	3.40241e-20
717	3.42853e-20
718	3.45535e-20
719	3.48299e-20
720	3.51149e-20
721	3.54088e-20
722	3.57125e-20
723	3.60267e-20
724	3.63521e-20
725	3.66894e-20
726	3.70395e-20
727	3.74034e-20
728	3.77821e-20
729	3.81765e-20
730	3.85881e-20
731	3.90178e-20
732	3.94671e-20
733	3.99375e-20
734	4.04304e-20
735	4.09477e-20
736	4.14909e-20
737	4.20622e-20
738	4.26637e-20
739	4.32975e-20
740	4.3966e-20
741	4.4672e-20
742	4.54182e-20
743	4.62075e-20
744	4.70434e-20
745	4.79293e-20
746	4.88687e-20
747	4.98659e-20
748	5.09255e-20
749	5.20517e-20
750	5.32495e-20
751	5.45248e-20
752	5.58831e-20
753	5.73304e-20
754	5.88738e-20
755	6.05205e-20
756	6.22778e-20
757	6.41547e-20
758	6.61596e-20
759	6.8302e-20
760	7.0593e-20
761	7.30428e-20
762	7.56634e-20
763	7.84684e-20
764	8.14707e-20
765	8.46847e-20
766	8.81275e-20
767	9.18151e-20
768	9.57654e-20
769	9.99988e-20
770	1.04536e-19
771	1.09399e-19
772	1.14612e-19
773	1.20202e-19
774	1.26195e-19
775	1.32621e-19
776	1.39514e-19
777	1.46905e-19
778	1.54834e-19
779	1.63337e-19
780	1.72458e-19
781	1.82243e-19
782	1.92738e-19
783	2.03996e-19
784	2.16073e-19
785	2.29028e-19
786	2.42924e-19
787	2.57831e-19
788	2.73821e-19
789	2.90971e-19
790	3.09368e-19
791	3.29098e-19
792	3.5026e-19
793	3.72956e-19
794	3.97295e-19
795	4.23395e-19
796	4.51383e-19
797	4.81394e-19
798	5.1357e-19
799	5.48067e-19
800	5.85051e-19
801	6.24697e-19
802	6.67193e-19
803	7.12744e-19
804	7.61562e-19
805	8.1388e-19
806	8.69945e-19
807	9.30019e-19
808	9.94385e-19
809	1.06334e-18
810	1.13722e-18
811	1.21635e-18
812	1.3011e-18
813	1.39188e-18
814	1.48909e-18
815	1.59319e-18
816	1.70465e-18
817	1.82398e-18
818	1.95173e-18
819	2.08848e-18
820	2.23485e-18
821	2.3915e-18
822	2.55915e-18
823	2.73854e-18
824	2.93048e-18
825	3.13583e-18
826	3.35551e-18
827	3.5905e-18
828	3.84184e-18
829	4.11064e-18
830	4.3981e-18
831	4.70546e-18
832	5.0341e-18
833	5.38543e-18
834	5.761e-18
835	6.16245e-18
836	6.59151e-18
837	7.05003e-18
838	7.54001e-18
839	8.06355e-18
840	8.62289e-18
841	9.22042e-18
842	9.8587e-18
843	1.05404e-17
844	1.12685e-17
845	1.2046e-17
846	1.28763e-17
847	1.37627e-17
848	1.4709e-17
849	1.57192e-17
850	1.67975e-17
851	1.79483e-17
852	1.91765e-17
853	2.0487e-17
854	2.18854e-17
855	2.33773e-17
856	2.49688e-17
857	2.66664e-17
858	2.84772e-17
859	3.04083e-17
860	3.24676e-17
861	3.46635e-17
862	3.70047e-17
863	3.95006e-17
864	4.21613e-17
865	4.49974e-17
866	4.802e-17
867	5.12412e-17
868	5.46738e-17
869	5.83312e-17
870	6.22278e-17
871	6.6379e-17
872	7.08008e-17
873	7.55105e-17
874	8.05265e-17
875	8.58681e-17
876	9.15559e-17
877	9.76119e-17
878	1.04059e-16
879	1.10923e-16
880	1.18228e-16
881	1.26004e-16
882	1.34279e-16
883	1.43085e-16
884	1.52455e-16
885	1.62424e-16
886	1.73029e-16
887	1.84311e-16
888	1.96311e-16
889	2.09074e-16
890	2.22647e-16
891	2.3708e-16
892	2.52426e-16
893	2.68742e-16
894	2.86087e-16
895	3.04525e-16
896	3.24123e-16
897	3.44951e-16
898	3.67085e-16
899	3.90605e-16
900	4.15596e-16
901	4.42147e-16
902	4.70353e-16
903	5.00314e-16
904	5.32137e-16
905	5.65934e-16
906	6.01825e-16
907	6.39937e-16
908	6.80403e-16
909	7.23364e-16
910	7.68971e-16
911	8.17382e-16
912	8.68766e-16
913	9.23299e-16
914	9.81171e-16
915	1.04258e-15
916	1.10773e-15
917	1.17686e-15
918	1.25019e-15
919	1.32798e-15
920	1.41048e-15
921	1.49798e-15
922	1.59078e-15
923	1.68917e-15
924	1.7935e-15
925	1.90411e-15
926	2.02136e-15
927	2.14566e-15
928	2.2774e-15
929	2.41703e-15
930	2.56499e-15
931	2.72179e-15
932	2.88792e-15
933	3.06393e-15
934	3.2504e-15
935	3.44792e-15
936	3.65714e-15
937	3.87872e-15
938	4.11338e-15
939	4.36187e-15
940	4.62499e-15
941	4.90356e-15
942	5.19848e-15
943	5.51067e-15
944	5.84112e-15
945	6.19087e-15
946	6.56102e-15
947	6.95272e-15
948	7.36718e-15
949	7.80571e-15
950	8.26966e-15
951	8.76045e-15
952	9.2796e-15
953	9.8287e-15
954	1.04094e-14
955	1.10236e-14
956	1.1673e-14
957	1.23597e-14
958	1.30856e-14
959	1.38531e-14
960	1.46644e-14
961	1.55219e-14
962	1.64282e-14
963	1.73861e-14
964	1.83983e-14
965	1.94678e-14
966	2.05978e-14
967	2.17917e-14
968	2.30528e-14
969	2.4385e-14
970	2.57921e-14
971	2.72782e-14
972	2.88476e-14
973	3.05048e-14
974	3.22546e-14
975	3.41021e-14
976	3.60524e-14
977	3.81113e-14
978	4.02845e-14
979	4.25783e-14
980	4.4999e-14
981	4.75537e-14
982	5.02493e-14
983	5.30935e-14
984	5.60943e-14
985	5.92599e-14
986	6.25993e-14
987	6.61216e-14
988	6.98366e-14
989	7.37545e-14
990	7.7886e-14
991	8.22426e-14
992	8.6836e-14
993	9.16787e-14
994	9.6784e-14
995	1.02166e-13
996	1.07838e-13
997	1.13816e-13
998	1.20117e-13
999	1.26756e-13
1000	1.33752e-13
1001	1.41124e-13
1002	1.48889e-13
1003	1.57071e-13
1004	1.65688e-13
1005	1.74766e-13
1006	1.84326e-13
1007	1.94394e-13
1008	2.04997e-13
1009	2.16161e-13
1010	2.27916e-13
1011	2.40291e-13
1012	2.53319e-13
1013	2.67034e-13
1014	2.81469e-13
1015	2.96662e-13
1016	3.12651e-13
1017	3.29477e-13
1018	3.47182e-13
1019	3.65811e-13
1020	3.8541e-13
1021	4.06028e-13
1022	4.27718e-13
1023	4.50532e-13
1024	4.74527e-13
1025	4.99763e-13
1026	5.26302e-13
1027	5.54208e-13
1028	5.8355e-13
1029	6.14399e-13
1030	6.46832e-13
1031	6.80925e-13
1032	7.16762e-13
1033	7.5443e-13
1034	7.94017e-13
1035	8.3562e-13
1036	8.79338e-13
1037	9.25275e-13
1038	9.7354e-13
1039	1.02425e-12
1040	1.07751e-12
1041	1.13347e-12
1042	1.19224e-12
1043	1.25397e-12
1044	1.3188e-12
1045	1.38688e-12
1046	1.45837e-12
1047	1.53343e-12
1048	1.61223e-12
1049	1.69496e-12
1050	1.78181e-12
1051	1.87297e-12
1052	1.96865e-12
1053	2.06908e-12
1054	2.17446e-12
1055	2.28505e-12
1056	2.40109e-12
1057	2.52285e-12
1058	2.65058e-12
1059	2.78458e-12
1060	2.92515e-12
1061	3.07259e-12
1062	3.22724e-12
1063	3.38943e-12
1064	3.55951e-12
1065	3.73786e-12
1066	3.92487e-12
1067	4.12094e-12
1068	4.3265e-12
1069	4.54199e-12
1070	4.76788e-12
1071	5.00465e-12
1072	5.25281e-12
1073	5.51288e-12
1074	5.78542e-12
1075	6.07101e-12
1076	6.37025e-12
1077	6.68377e-12
1078	7.01223e-12
1079	7.35632e-12
1080	7.71675e-12
1081	8.09428e-12
1082	8.48968e-12
1083	8.90378e-12
1084	9.33744e-12
1085	9.79153e-12
1086	1.0267e-11
1087	1.07648e-11
1088	1.1286e-11
1089	1.18316e-11
1090	1.24027e-11
1091	1.30004e-11
1092	1.36261e-11
1093	1.42809e-11
1094	1.49661e-11
1095	1.56831e-11
1096	1.64334e-11
1097	1.72183e-11
1098	1.80396e-11
1099	1.88987e-11
1100	1.97974e-11
1101	2.07374e-11
1102	2.17205e-11
1103	2.27488e-11
1104	2.38241e-11
1105	2.49485e-11
1106	2.61243e-11
1107	2.73536e-11
1108	2.86389e-11
1109	2.99825e-11
1110	3.13871e-11
1111	3.28552e-11
1112	3.43897e-11
1113	3.59935e-11
1114	3.76696e-11
1115	3.94211e-11
1116	4.12512e-11
1117	4.31635e-11
1118	4.51614e-11
1119	4.72487e-11
1120	4.94292e-11
1121	5.17069e-11
1122	5.40859e-11
1123	5.65707e-11
1124	5.91657e-11
1125	6.18757e-11
1126	6.47056e-11
1127	6.76605e-11
1128	7.07457e-11
1129	7.39667e-11
1130	7.73293e-11
1131	8.08395e-11
1132	8.45035e-11
1133	8.83279e-11
1134	9.23193e-11
1135	9.64848e-11
1136	1.00832e-10
1137	1.05368e-10
1138	1.10101e-10
1139	1.15039e-10
1140	1.2019e-10
1141	1.25565e-10
1142	1.31171e-10
1143	1.37019e-10
1144	1.43118e-10
1145	1.49479e-10
1146	1.56113e-10
1147	1.63031e-10
1148	1.70245e-10
1149	1.77766e-10
1150	1.85608e-10
1151	1.93784e-10
1152	2.02307e-10
1153	2.11191e-10
1154	2.20452e-10
1155	2.30104e-10
1156	2.40163e-10
1157	2.50647e-10
1158	2.61571e-10
1159	2.72955e-10
1160	2.84816e-10
1161	2.97173e-10
1162	3.10048e-10
1163	3.2346e-10
1164	3.37431e-10
1165	3.51984e-10
1166	3.67141e-10
1167	3.82927e-10
1168	3.99367e-10
1169	4.16487e-10
1170	4.34314e-10
1171	4.52876e-10
1172	4.72202e-10
1173	4.92322e-10
1174	5.13268e-10
1175	5.35073e-10
1176	5.57769e-10
1177	5.81392e-10
1178	6.05978e-10
1179	6.31566e-10
1180	6.58193e-10
1181	6.85901e-10
1182	7.14732e-10
1183	7.4473e-10
1184	7.75939e-10
1185	8.08407e-10
1186	8.42182e-10
1187	8.77315e-10
1188	9.13858e-10
1189	9.51866e-10
1190	9.91395e-10
1191	1.0325e-09
1192	1.07525e-09
1193	1.1197e-09
1194	1.16592e-09
1195	1.21397e-09
1196	1.26393e-09
1197	1.31586e-09
1198	1.36985e-09
1199	1.42596e-09
1200	1.48429e-09
1201	1.54491e-09
1202	1.60791e-09
1203	1.67337e-09
1204	1.74141e-09
1205	1.81209e-09
1206	1.88554e-09
1207	1.96185e-09
1208	2.04113e-09
1209	2.12348e-09
1210	2.20903e-09
1211	2.29788e-09
1212	2.39017e-09
1213	2.48603e-09
1214	2.58557e-09
1215	2.68894e-09
1216	2.79629e-09
1217	2.90774e-09
1218	3.02347e-09
1219	3.14361e-09
1220	3.26835e-09
1221	3.39783e-09
1222	3.53224e-09
1223	3.67175e-09
1224	3.81655e-09
1225	3.96683e-09
1226	4.12279e-09
1227	4.28464e-09
1228	4.45258e-09
1229	4.62684e-09
1230	4.80764e-09
1231	4.99523e-09
1232	5.18983e-09
1233	5.39171e-09
1234	5.60112e-09
1235	5.81833e-09
1236	6.04362e-09
1237	6.27727e-09
1238	6.51959e-09
1239	6.77088e-09
1240	7.03146e-09
1241	7.30165e-09
1242	7.58179e-09
1243	7.87224e-09
1244	8.17335e-09
1245	8.48551e-09
1246	8.80908e-09
1247	9.14449e-09
1248	9.49213e-09
1249	9.85243e-09
1250	1.02258e-08
1251	1.06128e-08
1252	1.10138e-08
1253	1.14293e-08
1254	1.18598e-08
1255	1.23059e-08
1256	1.2768e-08
1257	1.32468e-08
1258	1.37427e-08
1259	1.42564e-08
1260	1.47885e-08
1261	1.53396e-08
1262	1.59104e-08
1263	1.65015e-08
1264	1.71136e-08
1265	1.77474e-08
1266	1.84037e-08
1267	1.90833e-08
1268	1.97868e-08
1269	2.05152e-08
1270	2.12692e-08
1271	2.20497e-08
1272	2.28576e-08
1273	2.36939e-08
1274	2.45594e-08
1275	2.54551e-08
1276	2.6382e-08
1277	2.73413e-08
1278	2.83339e-08
1279	2.93609e-08
1280	3.04235e-08
1281	3.15229e-08
1282	3.26603e-08
1283	3.38368e-08
1284	3.50539e-08
1285	3.63128e-08
1286	3.76149e-08
1287	3.89617e-08
1288	4.03544e-08
1289	4.17948e-08
1290	4.32842e-08
1291	4.48244e-08
1292	4.64168e-08
1293	4.80633e-08
1294	4.97656e-08
1295	5.15255e-08
1296	5.33447e-08
1297	5.52253e-08
1298	5.71691e-08
1299	5.91783e-08
1300	6.12548e-08
1301	6.34009e-08
1302	6.56187e-08
1303	6.79105e-08
1304	7.02788e-08
1305	7.27257e-08
1306	7.5254e-08
1307	7.78661e-08
1308	8.05647e-08
1309	8.33525e-08
1310	8.62322e-08
1311	8.92068e-08
1312	9.22793e-08
1313	9.54526e-08
1314	9.873e-08
1315	1.02115e-07
1316	1.0561e-07
1317	1.09219e-07
1318	1.12946e-07
1319	1.16794e-07
1320	1.20766e-07
1321	1.24868e-07
1322	1.29102e-07
1323	1.33473e-07
1324	1.37985e-07
1325	1.42642e-07
1326	1.47449e-07
1327	1.5241e-07
1328	1.5753e-07
1329	1.62814e-07
1330	1.68266e-07
1331	1.73893e-07
1332	1.79698e-07
1333	1.85688e-07
1334	1.91867e-07
1335	1.98243e-07
1336	2.0482e-07
1337	2.11604e-07
1338	2.18602e-07
1339	2.25821e-07
1340	2.33266e-07
1341	2.40944e-07
1342	2.48863e-07
1343	2.57029e-07
1344	2.6545e-07
1345	2.74133e-07
1346	2.83086e-07
1347	2.92318e-07
1348	3.01835e-07
1349	3.11646e-07
1350	3.21761e-07
1351	3.32187e-07
1352	3.42935e-07
1353	3.54012e-07
1354	3.6543e-07
1355	3.77197e-07
1356	3.89324e-07
1357	4.01821e-07
1358	4.147e-07
1359	4.27969e-07
1360	4.41642e-07
1361	4.5573e-07
1362	4.70244e-07
1363	4.85197e-07
1364	5.006e-07
1365	5.16468e-07
1366	5.32813e-07
1367	5.49648e-07
1368	5.66988e-07
1369	5.84847e-07
1370	6.03239e-07
1371	6.2218e-07
1372	6.41684e-07
1373	6.61768e-07
1374	6.82448e-07
1375	7.03741e-07
1376	7.25662e-07
1377	7.48231e-07
1378	7.71465e-07
1379	7.95383e-07
1380	8.20003e-07
1381	8.45345e-07
1382	8.71428e-07
1383	8.98274e-07
1384	9.25903e-07
1385	9.54336e-07
1386	9.83596e-07
1387	1.0137e-06
1388	1.04469e-06
1389	1.07656e-06
1390	1.10936e-06
1391	1.14311e-06
1392	1.17782e-06
1393	1.21353e-06
1394	1.25027e-06
1395	1.28806e-06
1396	1.32692e-06
1397	1.3669e-06
1398	1.40802e-06
1399	1.4503e-06
1400	1.49378e-06
1401	1.5385e-06
1402	1.58448e-06
1403	1.63177e-06
1404	1.68038e-06
1405	1.73036e-06
1406	1.78175e-06
1407	1.83458e-06
1408	1.88888e-06
1409	1.94471e-06
1410	2.00209e-06
1411	2.06107e-06
1412	2.1217e-06
1413	2.184e-06
1414	2.24803e-06
1415	2.31384e-06
1416	2.38146e-06
1417	2.45094e-06
1418	2.52234e-06
1419	2.5957e-06
1420	2.67107e-06
1421	2.74851e-06
1422	2.82806e-06
1423	2.90978e-06
1424	2.99373e-06
1425	3.07996e-06
1426	3.16854e-06
1427	3.25951e-06
1428	3.35294e-06
1429	3.4489e-06
1430	3.54745e-06
1431	3.64864e-06
1432	3.75256e-06
1433	3.85926e-06
1434	3.96882e-06
1435	4.08131e-06
1436	4.19679e-06
1437	4.31536e-06
1438	4.43707e-06
1439	4.56202e-06
1440	4.69028e-06
1441	4.82193e-06
1442	4.95705e-06
1443	5.09574e-06
1444	5.23807e-06
1445	5.38414e-06
1446	5.53405e-06
1447	5.68787e-06
1448	5.84572e-06
1449	6.00768e-06
1450	6.17385e-06
1451	6.34435e-06
1452	6.51927e-06
1453	6.69872e-06
1454	6.88281e-06
1455	7.07165e-06
1456	7.26535e-06
1457	7.46404e-06
1458	7.66782e-06
1459	7.87683e-06
1460	8.09119e-06
1461	8.31102e-06
1462	8.53645e-06
1463	8.76761e-06
1464	9.00465e-06
1465	9.2477e-06
1466	9.4969e-06
1467	9.7524e-06
1468	1.00143e-05
1469	1.02829e-05
1470	1.05582e-05
1471	1.08404e-05
1472	1.11296e-05
1473	1.14261e-05
1474	1.173e-05
1475	1.20414e-05
1476	1.23606e-05
1477	1.26878e-05
1478	1.3023e-05
1479	1.33665e-05
1480	1.37185e-05
1481	1.40792e-05
1482	1.44487e-05
1483	1.48273e-05
1484	1.52152e-05
1485	1.56126e-05
1486	1.60197e-05
1487	1.64367e-05
1488	1.68639e-05
1489	1.73014e-05
1490	1.77496e-05
1491	1.82086e-05
1492	1.86787e-05
1493	1.91601e-05
1494	1.96531e-05
1495	2.0158e-05
1496	2.0675e-05
1497	2.12043e-05
1498	2.17463e-05
1499	2.23013e-05
1500	2.28694e-05
1501	2.34511e-05
1502	2.40465e-05
1503	2.46561e-05
1504	2.52801e-05
1505	2.59188e-05
1506	2.65725e-05
1507	2.72416e-05
1508	2.79265e-05
1509	2.86273e-05
1510	2.93446e-05
1511	3.00786e-05
1512	3.08297e-05
1513	3.15982e-05
1514	3.23847e-05
1515	3.31893e-05
1516	3.40125e-05
1517	3.48548e-05
1518	3.57165e-05
1519	3.65979e-05
1520	3.74997e-05
1521	3.84221e-05
1522	3.93655e-05
1523	4.03306e-05
1524	4.13176e-05
1525	4.23271e-05
1526	4.33595e-05
1527	4.44153e-05
1528	4.5495e-05
1529	4.65991e-05
1530	4.77281e-05
1531	4.88824e-05
1532	5.00627e-05
1533	5.12695e-05
1534	5.25032e-05
1535	5.37645e-05
1536	5.5054e-05
1537	5.63721e-05
1538	5.77195e-05
1539	5.90967e-05
1540	6.05044e-05
1541	6.19433e-05
1542	6.34138e-05
1543	6.49167e-05
1544	6.64526e-05
1545	6.80221e-05
1546	6.9626e-05
1547	7.1265e-05
1548	7.29396e-05
1549	7.46507e-05
1550	7.6399e-05
1551	7.81851e-05
1552	8.00099e-05
1553	8.18741e-05
1554	8.37784e-05
1555	8.57238e-05
1556	8.77109e-05
1557	8.97406e-05
1558	9.18137e-05
1559	9.3931e-05
1560	9.60935e-05
1561	9.8302e-05
1562	0.000100557
1563	0.000102861
1564	0.000105212
1565	0.000107614
1566	0.000110066
1567	0.00011257
1568	0.000115126
1569	0.000117736
1570	0.0001204
1571	0.00012312
1572	0.000125896
1573	0.000128731
1574	0.000131624
1575	0.000134577
1576	0.000137591
1577	0.000140667
1578	0.000143807
1579	0.000147011
1580	0.000150281
1581	0.000153617
1582	0.000157022
1583	0.000160497
1584	0.000164042
1585	0.000167659
1586	0.000171349
1587	0.000175114
1588	0.000178955
1589	0.000182874
1590	0.000186871
1591	0.000190949
1592	0.000195108
1593	0.000199351
1594	0.000203678
1595	0.000208091
1596	0.000212593
1597	0.000217183
1598	0.000221865
1599	0.000226639
1600	0.000231507
1601	0.000236471
1602	0.000241532
1603	0.000246693
1604	0.000251955
1605	0.00025732
1606	0.000262789
1607	0.000268365
1608	0.000274049
1609	0.000279843
1610	0.000285749
1611	0.000291769
1612	0.000297905
1613	0.00030416
1614	0.000310534
1615	0.00031703
1616	0.000323651
1617	0.000330397
1618	0.000337273
1619	0.000344279
1620	0.000351417
1621	0.000358691
1622	0.000366102
1623	0.000373653
1624	0.000381346
1625	0.000389184
1626	0.000397168
1627	0.000405301
1628	0.000413587
1629	0.000422026
1630	0.000430623
1631	0.000439379
1632	0.000448297
1633	0.000457379
1634	0.000466629
1635	0.00047605
1636	0.000485643
1637	0.000495412
1638	0.00050536
1639	0.000515489
1640	0.000525803
1641	0.000536304
1642	0.000546996
1643	0.000557882
1644	0.000568963
1645	0.000580245
1646	0.00059173
1647	0.000603421
1648	0.000615321
1649	0.000627434
1650	0.000639763
1651	0.000652312
1652	0.000665084
1653	0.000678082
1654	0.000691311
1655	0.000704773
1656	0.000718472
1657	0.000732412
1658	0.000746597
1659	0.00076103
1660	0.000775715
1661	0.000790657
1662	0.000805859
1663	0.000821324
1664	0.000837058
1665	0.000853064
1666	0.000869346
1667	0.000885909
1668	0.000902756
1669	0.000919892
1670	0.000937322
1671	0.000955049
1672	0.000973079
1673	0.000991415
1674	0.00101006
1675	0.00102903
1676	0.00104831
1677	0.00106792
1678	0.00108786
1679	0.00110813
1680	0.00112874
1681	0.0011497
1682	0.00117101
1683	0.00119267
1684	0.00121469
1685	0.00123708
1686	0.00125984
1687	0.00128297
1688	0.00130649
1689	0.00133039
1690	0.00135468
1691	0.00137937
1692	0.00140447
1693	0.00142997
1694	0.00145589
1695	0.00148223
1696	0.00150899
1697	0.00153619
1698	0.00156383
1699	0.00159191
1700	0.00162044
1701	0.00164943
1702	0.00167888
1703	0.0017088
1704	0.0017392
1705	0.00177008
1706	0.00180145
1707	0.00183331
1708	0.00186568
1709	0.00189856
1710	0.00193195
1711	0.00196587
1712	0.00200031
1713	0.0020353
1714	0.00207083
1715	0.00210691
1716	0.00214355
1717	0.00218075
1718	0.00221853
1719	0.0022569
1720	0.00229585
1721	0.0023354
1722	0.00237555
1723	0.00241631
1724	0.0024577
1725	0.00249971
1726	0.00254237
1727	0.00258566
1728	0.00262961
1729	0.00267422
1730	0.0027195
1731	0.00276546
1732	0.00281211
1733	0.00285945
1734	0.0029075
1735	0.00295626
1736	0.00300574
1737	0.00305595
1738	0.00310691
1739	0.00315861
1740	0.00321107
1741	0.00326431
1742	0.00331831
1743	0.00337311
1744	0.00342871
1745	0.00348511
1746	0.00354232
1747	0.00360037
1748	0.00365925
1749	0.00371897
1750	0.00377956
1751	0.00384101
1752	0.00390334
1753	0.00396655
1754	0.00403067
1755	0.00409569
1756	0.00416163
1757	0.00422851
1758	0.00429632
1759	0.00436509
1760	0.00443482
1761	0.00450553
1762	0.00457722
1763	0.00464991
1764	0.00472361
1765	0.00479833
1766	0.00487408
1767	0.00495088
1768	0.00502873
1769	0.00510765
1770	0.00518765
1771	0.00526874
1772	0.00535094
1773	0.00543425
1774	0.00551869
1775	0.00560428
1776	0.00569102
1777	0.00577892
1778	0.00586801
1779	0.00595829
1780	0.00604977
1781	0.00614248
1782	0.00623641
1783	0.0063316
1784	0.00642804
1785	0.00652575
1786	0.00662475
1787	0.00672505
1788	0.00682667
1789	0.00692961
1790	0.00703389
1791	0.00713953
1792	0.00724654
1793	0.00735494
1794	0.00746473
1795	0.00757594
1796	0.00768858
1797	0.00780265
1798	0.00791819
1799	0.0080352
1800	0.0081537
1801	0.0082737
1802	0.00839522
1803	0.00851827
1804	0.00864287
1805	0.00876904
1806	0.00889678
1807	0.00902613
1808	0.00915708
1809	0.00928966
1810	0.00942389
1811	0.00955977
1812	0.00969734
1813	0.00983659
1814	0.00997755
1815	0.0101202
1816	0.0102647
1817	0.0104109
1818	0.0105588
1819	0.0107086
1820	0.0108602
1821	0.0110135
1822	0.0111688
1823	0.0113259
1824	0.0114849
1825	0.0116457
1826	0.0118085
1827	0.0119732
1828	0.0121399
1829	0.0123086
1830	0.0124792
1831	0.0126518
1832	0.0128264
1833	0.0130031
1834	0.0131819
1835	0.0133627
1836	0.0135456
1837	0.0137306
1838	0.0139178
1839	0.0141071
1840	0.0142986
1841	0.0144923
1842	0.0146882
1843	0.0148863
1844	0.0150866
1845	0.0152892
1846	0.0154941
1847	0.0157013
1848	0.0159109
1849	0.0161228
1850	0.016337
1851	0.0165536
1852	0.0167727
1853	0.0169941
1854	0.017218
1855	0.0174444
1856	0.0176732
1857	0.0179045
1858	0.0181384
1859	0.0183748
1860	0.0186138
1861	0.0188554
1862	0.0190996
1863	0.0193464
1864	0.0195958
1865	0.0198479
1866	0.0201027
1867	0.0203603
1868	0.0206205
1869	0.0208835
1870	0.0211493
1871	0.0214179
1872	0.0216893
1873	0.0219635
1874	0.0222406
1875	0.0225206
1876	0.0228035
1877	0.0230893
1878	0.023378
1879	0.0236697
1880	0.0239644
1881	0.0242622
1882	0.0245629
1883	0.0248667
1884	0.0251736
1885	0.0254836
1886	0.0257967
1887	0.026113
1888	0.0264324
1889	0.026755
1890	0.0270808
1891	0.0274099
1892	0.0277422
1893	0.0280778
1894	0.0284167
1895	0.0287589
1896	0.0291045
1897	0.0294534
1898	0.0298057
1899	0.0301614
1900	0.0305206
1901	0.0308832
1902	0.0312493
1903	0.0316189
1904	0.0319921
1905	0.0323688
1906	0.032749
1907	0.0331329
1908	0.0335203
1909	0.0339115
1910	0.0343062
1911	0.0347047
1912	0.0351069
1913	0.0355127
1914	0.0359224
1915	0.0363358
1916	0.0367531
1917	0.0371741
1918	0.037599
1919	0.0380278
1920	0.0384604
1921	0.038897
1922	0.0393375
1923	0.039782
1924	0.0402304
1925	0.0406829
1926	0.0411394
1927	0.0415999
1928	0.0420645
1929	0.0425332
1930	0.043006
1931	0.043483
1932	0.0439641
1933	0.0444494
1934	0.0449389
1935	0.0454327
1936	0.0459307
1937	0.0464329
1938	0.0469395
1939	0.0474504
1940	0.0479657
1941	0.0484853
1942	0.0490092
1943	0.0495376
1944	0.0500705
1945	0.0506078
1946	0.0511495
1947	0.0516958
1948	0.0522465
1949	0.0528018
1950	0.0533617
1951	0.0539262
1952	0.0544952
1953	0.0550689
1954	0.0556473
1955	0.0562303
1956	0.056818
1957	0.0574104
1958	0.0580075
1959	0.0586094
1960	0.0592161
1961	0.0598275
1962	0.0604438
1963	0.0610649
1964	0.0616909
1965	0.0623218
1966	0.0629575
1967	0.0635982
1968	0.0642438
1969	0.0648943
1970	0.0655499
1971	0.0662104
1972	0.066876
1973	0.0675465
1974	0.0682222
1975	0.0689029
1976	0.0695887
1977	0.0702796
1978	0.0709757
1979	0.0716769
1980	0.0723833
1981	0.0730948
1982	0.0738116
1983	0.0745336
1984	0.0752608
1985	0.0759933
1986	0.0767311
1987	0.0774742
1988	0.0782226
1989	0.0789763
1990	0.0797353
1991	0.0804997
1992	0.0812695
1993	0.0820447
1994	0.0828254
1995	0.0836114
1996	0.0844029
1997	0.0851998
1998	0.0860023
1999	0.0868102
2000	0.0876236
2001	0.0884425
2002	0.089267
2003	0.0900971
2004	0.0909327
2005	0.0917739
2006	0.0926206
2007	0.093473
2008	0.0943311
2009	0.0951947
2010	0.096064
2011	0.096939
2012	0.0978196
2013	0.098706
2014	0.099598
2015	0.100496
2016	0.101399
2017	0.102308
2018	0.103223
2019	0.104144
2020	0.105071
2021	0.106003
2022	0.106941
2023	0.107885
2024	0.108835
2025	0.10979
2026	0.110751
2027	0.111719
2028	0.112692
2029	0.113671
2030	0.114655
2031	0.115646
2032	0.116643
2033	0.117645
2034	0.118653
2035	0.119668
2036	0.120688
2037	0.121714
2038	0.122746
2039	0.123784
2040	0.124828
2041	0.125878
2042	0.126933
2043	0.127995
2044	0.129063
2045	0.130137
2046	0.131216
2047	0.132302
2048	0.133394
2049	0.134491
2050	0.135595
2051	0.136705
2052	0.13782
2053	0.138942
2054	0.140069
2055	0.141203
2056	0.142342
2057	0.143488
2058	0.14464
2059	0.145797
2060	0.146961
2061	0.148131
2062	0.149306
2063	0.150488
2064	0.151675
2065	0.152869
2066	0.154069
2067	0.155274
2068	0.156486
2069	0.157703
2070	0.158927
2071	0.160157
2072	0.161392
2073	0.162634
2074	0.163881
2075	0.165135
2076	0.166394
2077	0.16766
2078	0.168931
2079	0.170208
2080	0.171492
2081	0.172781
2082	0.174076
2083	0.175377
2084	0.176684
2085	0.177997
2086	0.179315
2087	0.18064
2088	0.181971
2089	0.183307
2090	0.184649
2091	0.185997
2092	0.187351
2093	0.188711
2094	0.190077
2095	0.191448
2096	0.192825
2097	0.194208
2098	0.195597
2099	0.196991
2100	0.198392
2101	0.199798
2102	0.201209
2103	0.202627
2104	0.20405
2105	0.205478
2106	0.206913
2107	0.208353
2108	0.209798
2109	0.21125
2110	0.212707
2111	0.214169
2112	0.215637
2113	0.21711
2114	0.218589
2115	0.220074
2116	0.221564
2117	0.22306
2118	0.22456
2119	0.226067
2120	0.227579
2121	0.229096
2122	0.230618
2123	0.232146
2124	0.233679
2125	0.235218
2126	0.236761
2127	0.23831
2128	0.239865
2129	0.241424
2130	0.242988
2131	0.244558
2132	0.246133
2133	0.247713
2134	0.249298
2135	0.250888
2136	0.252483
2137	0.254083
2138	0.255689
2139	0.257299
2140	0.258914
2141	0.260533
2142	0.262158
2143	0.263788
2144	0.265422
2145	0.267061
2146	0.268705
2147	0.270354
2148	0.272007
2149	0.273665
2150	0.275327
2151	0.276995
2152	0.278666
2153	0.280343
2154	0.282023
2155	0.283709
2156	0.285398
2157	0.287092
2158	0.288791
2159	0.290493
2160	0.2922
2161	0.293912
2162	0.295627
2163	0.297347
2164	0.299071
2165	0.300799
2166	0.302531
2167	0.304267
2168	0.306007
2169	0.307751
2170	0.309499
2171	0.311251
2172	0.313007
2173	0.314766
2174	0.31653
2175	0.318297
2176	0.320067
2177	0.321842
2178	0.32362
2179	0.325402
2180	0.327187
2181	0.328976
2182	0.330768
2183	0.332563
2184	0.334362
2185	0.336164
2186	0.33797
2187	0.339779
2188	0.341591
2189	0.343406
2190	0.345224
2191	0.347046
2192	0.34887
2193	0.350697
2194	0.352528
2195	0.354361
2196	0.356197
2197	0.358036
2198	0.359877
2199	0.361722
2200	0.363569
2201	0.365418
2202	0.367271
2203	0.369125
2204	0.370982
2205	0.372842
2206	0.374704
2207	0.376568
2208	0.378435
2209	0.380304
2210	0.382175
2211	0.384048
2212	0.385923
2213	0.387801
2214	0.38968
2215	0.391561
2216	0.393445
2217	0.39533
2218	0.397216
2219	0.399105
2220	0.400995
2221	0.402887
2222	0.404781
2223	0.406676
2224	0.408572
2225	0.41047
2226	0.41237
2227	0.41427
2228	0.416172
2229	0.418075
2230	0.41998
2231	0.421885
2232	0.423792
2233	0.4257
2234	0.427608
2235	0.429518
2236	0.431428
2237	0.433339
2238	0.435251
2239	0.437164
2240	0.439077
2241	0.440991
2242	0.442905
2243	0.44482
2244	0.446735
2245	0.448651
2246	0.450567
2247	0.452483
2248	0.4544
2249	0.456316
2250	0.458233
2251	0.46015
2252	0.462067
2253	0.463983
2254	0.4659
2255	0.467816
2256	0.469733
2257	0.471649
2258	0.473564
2259	0.475479
2260	0.477394
2261	0.479308
2262	0.481222
2263	0.483135
2264	0.485047
2265	0.486959
2266	0.48887
2267	0.49078
2268	0.492689
2269	0.494597
2270	0.496504
2271	0.49841
2272	0.500315
2273	0.502219
2274	0.504122
2275	0.506023
2276	0.507923
2277	0.509821
2278	0.511719
2279	0.513614
2280	0.515508
2281	0.5174
2282	0.519291
2283	0.52118
2284	0.523067
2285	0.524953
2286	0.526836
2287	0.528717
2288	0.530597
2289	0.532474
2290	0.534349
2291	0.536223
2292	0.538093
2293	0.539962
2294	0.541828
2295	0.543692
2296	0.545553
2297	0.547412
2298	0.549268
2299	0.551122
2300	0.552973
2301	0.554821
2302	0.556666
2303	0.558509
2304	0.560348
2305	0.562185
2306	0.564019
2307	0.565849
2308	0.567677
2309	0.569501
2310	0.571322
2311	0.57314
2312	0.574955
2313	0.576766
2314	0.578574
2315	0.580378
2316	0.582178
2317	0.583976
2318	0.585769
2319	0.587559
2320	0.589345
2321	0.591127
2322	0.592905
2323	0.59468
2324	0.59645
2325	0.598216
2326	0.599979
2327	0.601737
2328	0.603491
2329	0.605241
2330	0.606987
2331	0.608728
2332	0.610465
2333	0.612197
2334	0.613925
2335	0.615649
2336	0.617368
2337	0.619082
2338	0.620792
2339	0.622497
2340	0.624197
2341	0.625892
2342	0.627583
2343	0.629268
2344	0.630949
2345	0.632625
2346	0.634295
2347	0.635961
2348	0.637621
2349	0.639276
2350	0.640926
2351	0.642571
2352	0.64421
2353	0.645844
2354	0.647473
2355	0.649096
2356	0.650713
2357	0.652325
2358	0.653932
2359	0.655533
2360	0.657128
2361	0.658717
2362	0.660301
2363	0.661879
2364	0.663451
2365	0.665017
2366	0.666577
2367	0.668131
2368	0.669679
2369	0.671221
2370	0.672757
2371	0.674287
2372	0.675811
2373	0.677328
2374	0.678839
2375	0.680344
2376	0.681843
2377	0.683335
2378	0.684821
2379	0.6863
2380	0.687773
2381	0.689239
2382	0.690699
2383	0.692152
2384	0.693599
2385	0.695038
2386	0.696472
2387	0.697898
2388	0.699318
2389	0.70073
2390	0.702136
2391	0.703535
2392	0.704928
2393	0.706313
2394	0.707691
2395	0.709062
2396	0.710426
2397	0.711783
2398	0.713134
2399	0.714476
2400	0.715812
2401	0.717141
2402	0.718462
2403	0.719776
2404	0.721083
2405	0.722382
2406	0.723674
2407	0.724959
2408	0.726236
2409	0.727506
2410	0.728768
2411	0.730023
2412	0.731271
2413	0.732511
2414	0.733743
2415	0.734968
2416	0.736185
2417	0.737395
2418	0.738596
2419	0.739791
2420	0.740977
2421	0.742156
2422	0.743327
2423	0.74449
2424	0.745646
2425	0.746793
2426	0.747933
2427	0.749065
2428	0.750189
2429	0.751305
2430	0.752414
2431	0.753514
2432	0.754606
2433	0.755691
2434	0.756767
2435	0.757835
2436	0.758896
2437	0.759948
2438	0.760992
2439	0.762029
2440	0.763057
2441	0.764077
2442	0.765089
2443	0.766093
2444	0.767088
2445	0.768076
2446	0.769055
2447	0.770026
2448	0.770989
2449	0.771944
2450	0.77289
2451	0.773828
2452	0.774758
2453	0.77568
2454	0.776593
2455	0.777498
2456	0.778395
2457	0.779284
2458	0.780164
2459	0.781036
2460	0.7819
2461	0.782755
2462	0.783602
2463	0.784441
2464	0.785271
2465	0.786093
2466	0.786906
2467	0.787711
2468	0.788508
2469	0.789297
2470	0.790077
2471	0.790848
2472	0.791612
2473	0.792367
2474	0.793113
2475	0.793851
2476	0.794581
2477	0.795302
2478	0.796015
2479	0.796719
2480	0.797415
2481	0.798103
2482	0.798782
2483	0.799453
2484	0.800116
2485	0.80077
2486	0.801415
2487	0.802053
2488	0.802681
2489	0.803302
2490	0.803914
2491	0.804518
2492	0.805113
2493	0.8057
2494	0.806278
2495	0.806848
2496	0.80741
2497	0.807964
2498	0.808509
2499	0.809045
2500	0.809574
2501	0.810094
2502	0.810605
2503	0.811109
2504	0.811604
2505	0.812091
2506	0.812569
2507	0.813039
2508	0.813501
2509	0.813955
2510	0.8144
2511	0.814837
2512	0.815266
2513	0.815687
2514	0.816099
2515	0.816503
2516	0.816899
2517	0.817287
2518	0.817667
2519	0.818038
2520	0.818402
2521	0.818757
2522	0.819104
2523	0.819443
2524	0.819774
2525	0.820097
2526	0.820411
2527	0.820718
2528	0.821017
2529	0.821307
2530	0.82159
2531	0.821865
2532	0.822131
2533	0.82239
2534	0.822641
2535	0.822884
2536	0.823119
2537	0.823346
2538	0.823565
2539	0.823776
2540	0.82398
2541	0.824176
2542	0.824364
2543	0.824544
2544	0.824716
2545	0.824881
2546	0.825038
2547	0.825187
2548	0.825329
2549	0.825463
2550	0.825589
2551	0.825708
2552	0.825819
2553	0.825922
2554	0.826018
2555	0.826107
2556	0.826188
2557	0.826261
2558	0.826327
2559	0.826386
2560	0.826437
2561	0.826481
2562	0.826517
2563	0.826547
2564	0.826568
2565	0.826583
2566	0.82659
2567	0.82659
2568	0.826583
2569	0.826568
2570	0.826547
2571	0.826518
2572	0.826482
2573	0.82644
2574	0.82639
2575	0.826333
2576	0.826269
2577	0.826198
2578	0.82612
2579	0.826035
2580	0.825943
2581	0.825844
2582	0.825739
2583	0.825627
2584	0.825507
2585	0.825382
2586	0.825249
2587	0.82511
2588	0.824964
2589	0.824811
2590	0.824652
2591	0.824486
2592	0.824314
2593	0.824135
2594	0.823949
2595	0.823757
2596	0.823559
2597	0.823354
2598	0.823143
2599	0.822926
2600	0.822702
2601	0.822472
2602	0.822235
2603	0.821993
2604	0.821744
2605	0.821489
2606	0.821228
2607	0.820961
2608	0.820687
2609	0.820408
2610	0.820123
2611	0.819831
2612	0.819534
2613	0.819231
2614	0.818922
2615	0.818607
2616	0.818286
2617	0.817959
2618	0.817627
2619	0.817289
2620	0.816945
2621	0.816596
2622	0.816241
2623	0.81588
2624	0.815514
2625	0.815142
2626	0.814765
2627	0.814382
2628	0.813994
2629	0.8136
2630	0.813201
2631	0.812797
2632	0.812388
2633	0.811973
2634	0.811553
2635	0.811127
2636	0.810697
2637	0.810261
2638	0.80982
2639	0.809375
2640	0.808924
2641	0.808468
2642	0.808007
2643	0.807541
2644	0.807071
2645	0.806595
2646	0.806115
2647	0.80563
2648	0.80514
2649	0.804645
2650	0.804146
2651	0.803642
2652	0.803133
2653	0.80262
2654	0.802102
2655	0.80158
2656	0.801053
2657	0.800521
2658	0.799985
2659	0.799445
2660	0.798901
2661	0.798352
2662	0.797799
2663	0.797241
2664	0.79668
2665	0.796114
2666	0.795544
2667	0.794969
2668	0.794391
2669	0.793809
2670	0.793222
2671	0.792632
2672	0.792038
2673	0.791439
2674	0.790837
2675	0.790231
2676	0.789621
2677	0.789008
2678	0.78839
2679	0.787769
2680	0.787144
2681	0.786516
2682	0.785884
2683	0.785248
2684	0.784609
2685	0.783966
2686	0.78332
2687	0.78267
2688	0.782016
2689	0.78136
2690	0.7807
2691	0.780037
2692	0.77937
2693	0.7787
2694	0.778027
2695	0.777351
2696	0.776671
2697	0.775988
2698	0.775303
2699	0.774614
2700	0.773922
2701	0.773227
2702	0.772529
2703	0.771829
2704	0.771125
2705	0.770418
2706	0.769709
2707	0.768997
2708	0.768282
2709	0.767564
2710	0.766843
2711	0.76612
2712	0.765394
2713	0.764666
2714	0.763935
2715	0.763201
2716	0.762465
2717	0.761726
2718	0.760985
2719	0.760241
2720	0.759495
2721	0.758747
2722	0.757996
2723	0.757243
2724	0.756487
2725	0.75573
2726	0.75497
2727	0.754208
2728	0.753444
2729	0.752677
2730	0.751909
2731	0.751138
2732	0.750365
2733	0.749591
2734	0.748814
2735	0.748035
2736	0.747255
2737	0.746472
2738	0.745688
2739	0.744902
2740	0.744114
2741	0.743324
2742	0.742532
2743	0.741739
2744	0.740944
2745	0.740147
2746	0.739349
2747	0.738549
2748	0.737747
2749	0.736944
2750	0.736139
2751	0.735333
2752	0.734525
2753	0.733716
2754	0.732905
2755	0.732093
2756	0.73128
2757	0.730465
2758	0.729649
2759	0.728831
2760	0.728013
2761	0.727193
2762	0.726372
2763	0.725549
2764	0.724726
2765	0.723901
2766	0.723075
2767	0.722248
2768	0.72142
2769	0.720591
2770	0.719761
2771	0.71893
2772	0.718098
2773	0.717265
2774	0.716431
2775	0.715596
2776	0.714761
2777	0.713924
2778	0.713087
2779	0.712249
2780	0.71141
2781	0.71057
2782	0.70973
2783	0.708888
2784	0.708047
2785	0.707204
2786	0.706361
2787	0.705517
2788	0.704673
2789	0.703828
2790	0.702983
2791	0.702137
2792	0.70129
2793	0.700443
2794	0.699596
2795	0.698748
2796	0.697899
2797	0.697051
2798	0.696202
2799	0.695352
2800	0.694502
2801	0.693652
2802	0.692802
2803	0.691951
2804	0.6911
2805	0.690249
2806	0.689398
2807	0.688546
2808	0.687694
2809	0.686843
2810	0.685991
2811	0.685138
2812	0.684286
2813	0.683434
2814	0.682581
2815	0.681729
2816	0.680877
2817	0.680024
2818	0.679172
2819	0.678319
2820	0.677467
2821	0.676615
2822	0.675763
2823	0.674911
2824	0.674059
2825	0.673207
2826	0.672355
2827	0.671504
2828	0.670653
2829	0.669802
2830	0.668951
2831	0.6681
2832	0.66725
2833	0.6664
2834	0.66555
2835	0.664701
2836	0.663852
2837	0.663003
2838	0.662154
2839	0.661306
2840	0.660459
2841	0.659612
2842	0.658765
2843	0.657918
2844	0.657072
2845	0.656227
2846	0.655382
2847	0.654538
2848	0.653694
2849	0.65285
2850	0.652007
2851	0.651165
2852	0.650323
2853	0.649482
2854	0.648641
2855	0.647801
2856	0.646962
2857	0.646123
2858	0.645285
2859	0.644448
2860	0.643611
2861	0.642775
2862	0.641939
2863	0.641105
2864	0.640271
2865	0.639437
2866	0.638605
2867	0.637773
2868	0.636942
2869	0.636112
2870	0.635283
2871	0.634454
2872	0.633626
2873	0.632799
2874	0.631973
2875	0.631148
2876	0.630324
2877	0.6295
2878	0.628678
2879	0.627856
2880	0.627035
2881	0.626215
2882	0.625396
2883	0.624578
2884	0.623761
2885	0.622945
2886	0.62213
2887	0.621316
2888	0.620503
2889	0.61969
2890	0.618879
2891	0.618069
2892	0.61726
2893	0.616452
2894	0.615645
2895	0.614839
2896	0.614034
2897	0.61323
2898	0.612427
2899	0.611625
2900	0.610825
2901	0.610025
2902	0.609227
2903	0.608429
2904	0.607633
2905	0.606838
2906	0.606044
2907	0.605251
2908	0.60446
2909	0.603669
2910	0.60288
2911	0.602092
2912	0.601305
2913	0.600519
2914	0.599735
2915	0.598951
2916	0.598169
2917	0.597388
2918	0.596609
2919	0.59583
2920	0.595053
2921	0.594277
2922	0.593502
2923	0.592729
2924	0.591956
2925	0.591185
2926	0.590416
2927	0.589647
2928	0.58888
2929	0.588114
2930	0.58735
2931	0.586587
2932	0.585825
2933	0.585064
2934	0.584305
2935	0.583547
2936	0.58279
2937	0.582035
2938	0.581281
2939	0.580528
2940	0.579776
2941	0.579026
2942	0.578278
2943	0.577531
2944	0.576785
2945	0.57604
2946	0.575297
2947	0.574555
2948	0.573814
2949	0.573075
2950	0.572338
2951	0.571601
2952	0.570866
2953	0.570133
2954	0.569401
2955	0.56867
2956	0.567941
2957	0.567213
2958	0.566486
2959	0.565761
2960	0.565037
2961	0.564315
2962	0.563594
2963	0.562874
2964	0.562156
2965	0.56144
2966	0.560725
2967	0.560011
2968	0.559299
2969	0.558588
2970	0.557878
2971	0.55717
2972	0.556464
2973	0.555758
2974	0.555055
2975	0.554352
2976	0.553652
2977	0.552952
2978	0.552254
2979	0.551558
2980	0.550863
2981	0.550169
2982	0.549477
2983	0.548787
2984	0.548097
2985	0.54741
2986	0.546723
2987	0.546039
2988	0.545355
2989	0.544674
2990	0.543993
2991	0.543314
2992	0.542637
2993	0.541961
2994	0.541286
2995	0.540613
2996	0.539942
2997	0.539271
2998	0.538603
2999	0.537936
3000	0.53727
3001	0.536606
3002	0.535943
3003	0.535282
3004	0.534622
3005	0.533963
3006	0.533307
3007	0.532651
3008	0.531997
3009	0.531345
3010	0.530694
3011	0.530044
3012	0.529396
3013	0.528749
3014	0.528104
3015	0.527461
3016	0.526819
3017	0.526178
3018	0.525539
3019	0.524901
3020	0.524264
3021	0.52363
3022	0.522996
3023	0.522364
3024	0.521734
3025	0.521105
3026	0.520477
3027	0.519851
3028	0.519227
3029	0.518604
3030	0.517982
3031	0.517362
3032	0.516743
3033	0.516125
3034	0.51551
3035	0.514895
3036	0.514282
3037	0.513671
3038	0.513061
3039	0.512452
3040	0.511845
3041	0.511239
3042	0.510635
3043	0.510032
3044	0.50943
3045	0.50883
3046	0.508232
3047	0.507635
3048	0.507039
3049	0.506445
3050	0.505852
3051	0.505261
3052	0.504671
3053	0.504082
3054	0.503495
3055	0.502909
3056	0.502325
3057	0.501742
3058	0.501161
3059	0.500581
3060	0.500002
3061	0.499425
3062	0.498849
3063	0.498274
3064	0.497701
3065	0.49713
3066	0.49656
3067	0.495991
3068	0.495423
3069	0.494857
3070	0.494293
3071	0.493729
3072	0.493167
3073	0.492607
3074	0.492048
3075	0.49149
3076	0.490934
3077	0.490379
3078	0.489825
3079	0.489273
3080	0.488722
3081	0.488172
3082	0.487624
3083	0.487077
3084	0.486532
3085	0.485988
3086	0.485445
3087	0.484904
3088	0.484363
3089	0.483825
3090	0.483287
3091	0.482751
3092	0.482217
3093	0.481683
3094	0.481151
3095	0.48062
3096	0.480091
3097	0.479563
3098	0.479036
3099	0.478511
3100	0.477986
3101	0.477464
3102	0.476942
3103	0.476422
3104	0.475903
3105	0.475385
3106	0.474869
3107	0.474354
3108	0.47384
3109	0.473328
3110	0.472816
3111	0.472306
3112	0.471798
3113	0.47129
3114	0.470784
3115	0.47028
3116	0.469776
3117	0.469274
3118	0.468773
3119	0.468273
3120	0.467774
3121	0.467277
3122	0.466781
3123	0.466286
3124	0.465793
3125	0.4653
3126	0.464809
3127	0.464319
3128	0.463831
3129	0.463343
3130	0.462857
3131	0.462372
3132	0.461889
3133	0.461406
3134	0.460925
3135	0.460445
3136	0.459966
3137	0.459488
3138	0.459012
3139	0.458536
3140	0.458062
3141	0.457589
3142	0.457118
3143	0.456647
3144	0.456178
3145	0.455709
3146	0.455242
3147	0.454777
3148	0.454312
3149	0.453848
3150	0.453386
3151	0.452925
3152	0.452465
3153	0.452006
3154	0.451548
3155	0.451091
3156	0.450636
3157	0.450182
3158	0.449728
3159	0.449276
3160	0.448825
3161	0.448376
3162	0.447927
3163	0.447479
3164	0.447033
3165	0.446588
3166	0.446143
3167	0.4457
3168	0.445258
3169	0.444817
3170	0.444378
3171	0.443939
3172	0.443501
3173	0.443065
3174	0.442629
3175	0.442195
3176	0.441762
3177	0.441329
3178	0.440898
3179	0.440468
3180	0.440039
3181	0.439611
3182	0.439184
3183	0.438758
3184	0.438334
3185	0.43791
3186	0.437487
3187	0.437065
3188	0.436645
3189	0.436225
3190	0.435807
3191	0.435389
3192	0.434973
3193	0.434557
3194	0.434143
3195	0.433729
3196	0.433317
3197	0.432906
3198	0.432495
3199	0.432086
3200	0.431678
3201	0.43127
3202	0.430864
3203	0.430458
3204	0.430054
3205	0.429651
3206	0.429248
3207	0.428847
3208	0.428446
3209	0.428047
3210	0.427648
3211	0.427251
3212	0.426854
3213	0.426459
3214	0.426064
3215	0.42567
3216	0.425278
3217	0.424886
3218	0.424495
3219	0.424105
3220	0.423716
3221	0.423328
3222	0.422941
3223	0.422555
3224	0.42217
3225	0.421785
3226	0.421402
3227	0.42102
3228	0.420638
3229	0.420258
3230	0.419878
3231	0.419499
3232	0.419121
3233	0.418744
3234	0.418368
3235	0.417993
3236	0.417619
3237	0.417245
3238	0.416873
3239	0.416501
3240	0.416131
3241	0.415761
3242	0.415392
3243	0.415024
3244	0.414656
3245	0.41429
3246	0.413925
3247	0.41356
3248	0.413196
3249	0.412833
3250	0.412471
3251	0.41211
3252	0.41175
3253	0.41139
3254	0.411032
3255	0.410674
3256	0.410317
3257	0.409961
3258	0.409605
3259	0.409251
3260	0.408897
3261	0.408545
3262	0.408193
3263	0.407841
3264	0.407491
3265	0.407142
3266	0.406793
3267	0.406445
3268	0.406098
3269	0.405752
3270	0.405406
3271	0.405061
3272	0.404717
3273	0.404374
3274	0.404032
3275	0.403691
3276	0.40335
3277	0.40301
3278	0.402671
3279	0.402332
3280	0.401995
3281	0.401658
3282	0.401322
3283	0.400986
3284	0.400652
3285	0.400318
3286	0.399985
3287	0.399653
3288	0.399321
3289	0.39899
3290	0.39866
3291	0.398331
3292	0.398003
3293	0.397675
3294	0.397348
3295	0.397022
3296	0.396696
3297	0.396371
3298	0.396047
3299	0.395724
3300	0.395401
3301	0.395079
3302	0.394758
3303	0.394437
3304	0.394118
3305	0.393799
3306	0.39348
3307	0.393163
3308	0.392846
3309	0.39253
3310	0.392214
3311	0.391899
3312	0.391585
3313	0.391272
3314	0.390959
3315	0.390647
3316	0.390336
3317	0.390025
3318	0.389715
3319	0.389406
3320	0.389097
3321	0.388789
3322	0.388482
3323	0.388175
3324	0.387869
3325	0.387564
3326	0.38726
3327	0.386956
3328	0.386652
3329	0.38635
3330	0.386048
3331	0.385747
3332	0.385446
3333	0.385146
3334	0.384847
3335	0.384548
3336	0.38425
3337	0.383953
3338	0.383656
3339	0.38336
3340	0.383064
3341	0.382769
3342	0.382475
3343	0.382182
3344	0.381889
3345	0.381596
3346	0.381305
3347	0.381014
3348	0.380723
3349	0.380433
3350	0.380144
3351	0.379855
3352	0.379567
3353	0.37928
3354	0.378993
3355	0.378707
3356	0.378422
3357	0.378137
3358	0.377852
3359	0.377568
3360	0.377285
3361	0.377003
3362	0.376721
3363	0.376439
3364	0.376158
3365	0.375878
3366	0.375599
3367	0.37532
3368	0.375041
3369	0.374763
3370	0.374486
3371	0.374209
3372	0.373933
3373	0.373657
3374	0.373382
3375	0.373108
3376	0.372834
3377	0.372561
3378	0.372288
3379	0.372016
3380	0.371744
3381	0.371473
3382	0.371203
3383	0.370933
3384	0.370663
3385	0.370394
3386	0.370126
3387	0.369858
3388	0.369591
3389	0.369325
3390	0.369058
3391	0.368793
3392	0.368528
3393	0.368263
3394	0.367999
3395	0.367736
3396	0.367473
3397	0.367211
3398	0.366949
3399	0.366687
3400	0.366427
3401	0.366166
3402	0.365907
3403	0.365647
3404	0.365389
3405	0.36513
3406	0.364873
3407	0.364616
3408	0.364359
3409	0.364103
3410	0.363847
3411	0.363592
3412	0.363337
3413	0.363083
3414	0.36283
3415	0.362577
3416	0.362324
3417	0.362072
3418	0.36182
3419	0.361569
3420	0.361319
3421	0.361068
3422	0.360819
3423	0.36057
3424	0.360321
3425	0.360073
3426	0.359825
3427	0.359578
3428	0.359331
3429	0.359085
3430	0.358839
3431	0.358594
3432	0.358349
3433	0.358105
3434	0.357861
3435	0.357618
3436	0.357375
3437	0.357132
3438	0.35689
3439	0.356649
3440	0.356408
3441	0.356167
3442	0.355927
3443	0.355687
3444	0.355448
3445	0.355209
3446	0.354971
3447	0.354733
3448	0.354496
3449	0.354259
3450	0.354023
3451	0.353787
3452	0.353551
3453	0.353316
3454	0.353081
3455	0.352847
3456	0.352613
3457	0.35238
3458	0.352147
3459	0.351914
3460	0.351682
3461	0.351451
3462	0.35122
3463	0.350989
3464	0.350759
3465	0.350529
3466	0.3503
3467	0.350071
3468	0.349842
3469	0.349614
3470	0.349386
3471	0.349159
3472	0.348932
3473	0.348706
3474	0.34848
3475	0.348254
3476	0.348029
3477	0.347804
3478	0.34758
3479	0.347356
3480	0.347132
3481	0.346909
3482	0.346687
3483	0.346464
3484	0.346242
3485	0.346021
3486	0.3458
3487	0.345579
3488	0.345359
3489	0.345139
3490	0.34492
3491	0.344701
3492	0.344482
3493	0.344264
3494	0.344046
3495	0.343829
3496	0.343612
3497	0.343395
3498	0.343179
3499	0.342963
3500	0.342748
3501	0.342533
3502	0.342318
3503	0.342104
3504	0.34189
3505	0.341676
3506	0.341463
3507	0.34125
3508	0.341038
3509	0.340826
3510	0.340614
3511	0.340403
3512	0.340192
3513	0.339982
3514	0.339772
3515	0.339562
3516	0.339353
3517	0.339144
3518	0.338935
3519	0.338727
3520	0.338519
3521	0.338312
3522	0.338105
3523	0.337898
3524	0.337692
3525	0.337486
3526	0.33728
3527	0.337075
3528	0.33687
3529	0.336665
3530	0.336461
3531	0.336257
3532	0.336054
3533	0.335851
3534	0.335648
3535	0.335446
3536	0.335244
3537	0.335042
3538	0.334841
3539	0.33464
3540	0.334439
3541	0.334239
3542	0.334039
3543	0.333839
3544	0.33364
3545	0.333441
3546	0.333243
3547	0.333045
3548	0.332847
3549	0.332649
3550	0.332452
3551	0.332255
3552	0.332059
3553	0.331863
3554	0.331667
3555	0.331472
3556	0.331276
3557	0.331082
3558	0.330887
3559	0.330693
3560	0.330499
3561	0.330306
3562	0.330113
3563	0.32992
3564	0.329728
3565	0.329536
3566	0.329344
3567	0.329153
3568	0.328961
3569	0.328771
3570	0.32858
3571	0.32839
3572	0.3282
3573	0.328011
3574	0.327822
3575	0.327633
3576	0.327444
3577	0.327256
3578	0.327068
3579	0.326881
3580	0.326694
3581	0.326507
3582	0.32632
3583	0.326134
3584	0.325948
3585	0.325762
3586	0.325577
3587	0.325392
3588	0.325207
3589	0.325023
3590	0.324839
3591	0.324655
3592	0.324471
3593	0.324288
3594	0.324105
3595	0.323923
3596	0.323741
3597	0.323559
3598	0.323377
3599	0.323196
3600	0.323015
3601	0.322834
3602	0.322654
3603	0.322474
3604	0.322294
3605	0.322114
3606	0.321935
3607	0.321756
3608	0.321578
3609	0.321399
3610	0.321221
3611	0.321044
3612	0.320866
3613	0.320689
3614	0.320512
3615	0.320336
3616	0.320159
3617	0.319983
3618	0.319808
3619	0.319632
3620	0.319457
3621	0.319283
3622	0.319108
3623	0.318934
3624	0.31876
3625	0.318586
3626	0.318413
3627	0.31824
3628	0.318067
3629	0.317895
3630	0.317722
3631	0.31755
3632	0.317379
3633	0.317207
3634	0.317036
3635	0.316866
3636	0.316695
3637	0.316525
3638	0.316355
3639	0.316185
3640	0.316016
3641	0.315847
3642	0.315678
3643	0.315509
3644	0.315341
3645	0.315173
3646	0.315005
3647	0.314837
3648	0.31467
3649	0.314503
3650	0.314337
3651	0.31417
3652	0.314004
3653	0.313838
3654	0.313673
3655	0.313507
3656	0.313342
3657	0.313177
3658	0.313013
3659	0.312849
3660	0.312685
3661	0.312521
3662	0.312357
3663	0.312194
3664	0.312031
3665	0.311869
3666	0.311706
3667	0.311544
3668	0.311382
3669	0.311221
3670	0.311059
3671	0.310898
3672	0.310737
3673	0.310577
3674	0.310416
3675	0.310256
3676	0.310096
3677	0.309937
3678	0.309777
3679	0.309618
3680	0.30946
3681	0.309301
3682	0.309143
3683	0.308985
3684	0.308827
3685	0.308669
3686	0.308512
3687	0.308355
3688	0.308198
3689	0.308042
3690	0.307885
3691	0.307729
3692	0.307574
3693	0.307418
3694	0.307263
3695	0.307108
3696	0.306953
3697	0.306798
3698	0.306644
3699	0.30649
3700	0.306336
3701	0.306182
3702	0.306029
3703	0.305876
3704	0.305723
3705	0.305571
3706	0.305418
3707	0.305266
3708	0.305114
3709	0.304963
3710	0.304811
3711	0.30466
3712	0.304509
3713	0.304358
3714	0.304208
3715	0.304058
3716	0.303908
3717	0.303758
3718	0.303608
3719	0.303459
3720	0.30331
3721	0.303161
3722	0.303013
3723	0.302864
3724	0.302716
3725	0.302568
3726	0.302421
3727	0.302273
3728	0.302126
3729	0.301979
3730	0.301832
3731	0.301686
3732	0.301539
3733	0.301393
3734	0.301248
3735	0.301102
3736	0.300957
3737	0.300812
3738	0.300667
3739	0.300522
3740	0.300377
3741	0.300233
3742	0.300089
3743	0.299945
3744	0.299802
3745	0.299659
3746	0.299515
3747	0.299373
3748	0.29923
3749	0.299087
3750	0.298945
3751	0.298803
3752	0.298661
3753	0.29852
3754	0.298379
3755	0.298237
3756	0.298096
3757	0.297956
3758	0.297815
3759	0.297675
3760	0.297535
3761	0.297395
3762	0.297256
3763	0.297116
3764	0.296977
3765	0.296838
3766	0.296699
3767	0.296561
3768	0.296422
3769	0.296284
3770	0.296146
3771	0.296009
3772	0.295871
3773	0.295734
3774	0.295597
3775	0.29546
3776	0.295324
3777	0.295187
3778	0.295051
3779	0.294915
3780	0.294779
3781	0.294644
3782	0.294508
3783	0.294373
3784	0.294238
3785	0.294103
3786	0.293969
3787	0.293835
3788	0.2937
3789	0.293566
3790	0.293433
3791	0.293299
3792	0.293166
3793	0.293033
3794	0.2929
3795	0.292767
3796	0.292635
3797	0.292502
3798	0.29237
3799	0.292239
3800	0.292107
3801	0.291975
3802	0.291844
3803	0.291713
3804	0.291582
3805	0.291451
3806	0.291321
3807	0.291191
3808	0.291061
3809	0.290931
3810	0.290801
3811	0.290672
3812	0.290542
3813	0.290413
3814	0.290284
3815	0.290156
3816	0.290027
3817	0.289899
3818	0.289771
3819	0.289643
3820	0.289515
3821	0.289387
3822	0.28926
3823	0.289133
3824	0.289006
3825	0.288879
3826	0.288753
3827	0.288626
3828	0.2885
3829	0.288374
3830	0.288248
3831	0.288123
3832	0.287997
3833	0.287872
3834	0.287747
3835	0.287622
3836	0.287498
3837	0.287373
3838	0.287249
3839	0.287125
3840	0.287001
3841	0.286877
3842	0.286754
3843	0.28663
3844	0.286507
3845	0.286384
3846	0.286261
3847	0.286139
3848	0.286016
3849	0.285894
3850	0.285772
3851	0.28565
3852	0.285528
3853	0.285407
3854	0.285286
3855	0.285165
3856	0.285044
3857	0.284923
3858	0.284802
3859	0.284682
3860	0.284562
3861	0.284442
3862	0.284322
3863	0.284202
3864	0.284083
3865	0.283963
3866	0.283844
3867	0.283725
3868	0.283606
3869	0.283488
3870	0.283369
3871	0.283251
3872	0.283133
3873	0.283015
3874	0.282898
3875	0.28278
3876	0.282663
3877	0.282546
3878	0.282429
3879	0.282312
3880	0.282195
3881	0.282079
3882	0.281962
3883	0.281846
3884	0.28173
3885	0.281614
3886	0.281499
3887	0.281383
3888	0.281268
3889	0.281153
3890	0.281038
3891	0.280923
3892	0.280809
3893	0.280694
3894	0.28058
3895	0.280466
3896	0.280352
3897	0.280239
3898	0.280125
3899	0.280012
3900	0.279898
3901	0.279785
3902	0.279673
3903	0.27956
3904	0.279447
3905	0.279335
3906	0.279223
3907	0.279111
3908	0.278999
3909	0.278887
3910	0.278776
3911	0.278664
3912	0.278553
3913	0.278442
3914	0.278331
3915	0.278221
3916	0.27811
3917	0.278
3918	0.27789
3919	0.27778
3920	0.27767
3921	0.27756
3922	0.277451
3923	0.277341
3924	0.277232
3925	0.277123
3926	0.277014
3927	0.276905
3928	0.276797
3929	0.276688
3930	0.27658
3931	0.276472
3932	0.276364
3933	0.276256
3934	0.276149
3935	0.276041
3936	0.275934
3937	0.275827
3938	0.27572
3939	0.275613
3940	0.275507
3941	0.2754
3942	0.275294
3943	0.275188
3944	0.275082
3945	0.274976
3946	0.27487
3947	0.274765
3948	0.274659
3949	0.274554
3950	0.274449
3951	0.274344
3952	0.27424
3953	0.274135
3954	0.274031
3955	0.273926
3956	0.273822
3957	0.273718
3958	0.273614
3959	0.273511
3960	0.273407
3961	0.273304
3962	0.273201
3963	0.273098
3964	0.272995
3965	0.272892
3966	0.27279
3967	0.272687
3968	0.272585
3969	0.272483
3970	0.272381
3971	0.272279
3972	0.272177
3973	0.272076
3974	0.271974
3975	0.271873
3976	0.271772
3977	0.271671
3978	0.27157
3979	0.27147
3980	0.271369
3981	0.271269
3982	0.271169
3983	0.271069
3984	0.270969
3985	0.270869
3986	0.27077
3987	0.27067
3988	0.270571
3989	0.270472
3990	0.270373
3991	0.270274
3992	0.270175
3993	0.270077
3994	0.269979
3995	0.26988
3996	0.269782
3997	0.269684
3998	0.269586
3999	0.269489
4000	0.269391
4001	0.269294
4002	0.269197
4003	0.2691
4004	0.269003
4005	0.268906
4006	0.268809
4007	0.268713
4008	0.268616
4009	0.26852
4010	0.268424
4011	0.268328
4012	0.268232
4013	0.268137
4014	0.268041
4015	0.267946
4016	0.26785
4017	0.267755
4018	0.26766
4019	0.267566
4020	0.267471
4021	0.267376
4022	0.267282
4023	0.267188
4024	0.267094
4025	0.267
4026	0.266906
4027	0.266812
4028	0.266719
4029	0.266625
4030	0.266532
4031	0.266439
4032	0.266346
4033	0.266253
4034	0.26616
4035	0.266068
4036	0.265975
4037	0.265883
4038	0.265791
4039	0.265699
4040	0.265607
4041	0.265515
4042	0.265423
4043	0.265332
4044	0.26524
4045	0.265149
4046	0.265058
4047	0.264967
4048	0.264876
4049	0.264786
4050	0.264695
4051	0.264605
4052	0.264514
4053	0.264424
4054	0.264334
4055	0.264244
4056	0.264155
4057	0.264065
4058	0.263975
4059	0.263886
4060	0.263797
4061	0.263708
4062	0.263619
4063	0.26353
4064	0.263441
4065	0.263353
4066	0.263264
4067	0.263176
4068	0.263088
4069	0.263
4070	0.262912
4071	0.262824
4072	0.262736
4073	0.262649
4074	0.262562
4075	0.262474
4076	0.262387
4077	0.2623
4078	0.262213
4079	0.262126
4080	0.26204
4081	0.261953
4082	0.261867
4083	0.261781
4084	0.261695
4085	0.261609
4086	0.261523
4087	0.261437
4088	0.261351
4089	0.261266
4090	0.261181
4091	0.261095
4092	0.26101
4093	0.260925
4094	0.260841
4095	0.260756
4096	0.260671
4097	0.260587
4098	0.260502
4099	0.260418
4100	0.260334
4101	0.26025
4102	0.260166
4103	0.260083
4104	0.259999
4105	0.259915
4106	0.259832
4107	0.259749
4108	0.259666
4109	0.259583
4110	0.2595
4111	0.259417
4112	0.259335
4113	0.259252
4114	0.25917
4115	0.259087
4116	0.259005
4117	0.258923
4118	0.258841
4119	0.25876
4120	0.258678
4121	0.258596
4122	0.258515
4123	0.258434
4124	0.258353
4125	0.258272
4126	0.258191
4127	0.25811
4128	0.258029
4129	0.257949
4130	0.257868
4131	0.257788
4132	0.257708
4133	0.257627
4134	0.257547
4135	0.257468
4136	0.257388
4137	0.257308
4138	0.257229
4139	0.257149
4140	0.25707
4141	0.256991
4142	0.256912
4143	0.256833
4144	0.256754
4145	0.256675
4146	0.256597
4147	0.256518
4148	0.25644
4149	0.256362
4150	0.256284
4151	0.256206
4152	0.256128
4153	0.25605
4154	0.255972
4155	0.255895
4156	0.255817
4157	0.25574
4158	0.255663
4159	0.255586
4160	0.255509
4161	0.255432
4162	0.255355
4163	0.255279
4164	0.255202
4165	0.255126
4166	0.25505
4167	0.254973
4168	0.254897
4169	0.254821
4170	0.254745
4171	0.25467
4172	0.254594
4173	0.254519
4174	0.254443
4175	0.254368
4176	0.254293
4177	0.254218
4178	0.254143
4179	0.254068
4180	0.253993
4181	0.253919
4182	0.253844
4183	0.25377
4184	0.253695
4185	0.253621
4186	0.253547
4187	0.253473
4188	0.253399
4189	0.253326
4190	0.253252
4191	0.253178
4192	0.253105
4193	0.253032
4194	0.252958
4195	0.252885
4196	0.252812
4197	0.25274
4198	0.252667
4199	0.252594
4200	0.252522
4201	0.252449
4202	0.252377
4203	0.252305
4204	0.252232
4205	0.25216
4206	0.252088
4207	0.252017
4208	0.251945
4209	0.251873
4210	0.251802
4211	0.25173
4212	0.251659
4213	0.251588
4214	0.251517
4215	0.251446
4216	0.251375
4217	0.251304
4218	0.251234
4219	0.251163
4220	0.251093
4221	0.251022
4222	0.250952
4223	0.250882
4224	0.250812
4225	0.250742
4226	0.250672
4227	0.250602
4228	0.250533
4229	0.250463
4230	0.250394
4231	0.250324
4232	0.250255
4233	0.250186
4234	0.250117
4235	0.250048
4236	0.249979
4237	0.249911
4238	0.249842
4239	0.249774
4240	0.249705
4241	0.249637
4242	0.249569
4243	0.249501
4244	0.249433
4245	0.249365
4246	0.249297
4247	0.249229
4248	0.249161
4249	0.249094
4250	0.249027
4251	0.248959
4252	0.248892
4253	0.248825
4254	0.248758
4255	0.248691
4256	0.248624
4257	0.248557
4258	0.248491
4259	0.248424
4260	0.248358
4261	0.248292
4262	0.248225
4263	0.248159
4264	0.248093
4265	0.248027
4266	0.247961
4267	0.247896
4268	0.24783
4269	0.247764
4270	0.247699
4271	0.247634
4272	0.247568
4273	0.247503
4274	0.247438
4275	0.247373
4276	0.247308
4277	0.247243
4278	0.247179
4279	0.247114
4280	0.24705
4281	0.246985
4282	0.246921
4283	0.246857
4284	0.246793
4285	0.246729
4286	0.246665
4287	0.246601
4288	0.246537
4289	0.246473
4290	0.24641
4291	0.246346
4292	0.246283
4293	0.24622
4294	0.246156
4295	0.246093
4296	0.24603
4297	0.245967
4298	0.245905
4299	0.245842
4300	0.245779
4301	0.245717
4302	0.245654
4303	0.245592
4304	0.24553
4305	0.245467
4306	0.245405
4307	0.245343
4308	0.245281
4309	0.24522
4310	0.245158
4311	0.245096
4312	0.245035
4313	0.244973
4314	0.244912
4315	0.244851
4316	0.244789
4317	0.244728
4318	0.244667
4319	0.244606
4320	0.244546
4321	0.244485
4322	0.244424
4323	0.244364
4324	0.244303
4325	0.244243
4326	0.244182
4327	0.244122
4328	0.244062
4329	0.244002
4330	0.243942
4331	0.243882
4332	0.243822
4333	0.243763
4334	0.243703
4335	0.243644
4336	0.243584
4337	0.243525
4338	0.243466
4339	0.243406
4340	0.243347
4341	0.243288
4342	0.243229
4343	0.243171
4344	0.243112
4345	0.243053
4346	0.242995
4347	0.242936
4348	0.242878
4349	0.242819
4350	0.242761
4351	0.242703
4352	0.242645
4353	0.242587
4354	0.242529
4355	0.242471
4356	0.242414
4357	0.242356
4358	0.242299
4359	0.242241
4360	0.242184
4361	0.242126
4362	0.242069
4363	0.242012
4364	0.241955
4365	0.241898
4366	0.241841
4367	0.241784
4368	0.241728
4369	0.241671
4370	0.241614
4371	0.241558
4372	0.241502
4373	0.241445
4374	0.241389
4375	0.241333
4376	0.241277
4377	0.241221
4378	0.241165
4379	0.241109
4380	0.241053
4381	0.240998
4382	0.240942
4383	0.240887
4384	0.240831
4385	0.240776
4386	0.240721
4387	0.240665
4388	0.24061
4389	0.240555
4390	0.2405
4391	0.240445
4392	0.240391
4393	0.240336
4394	0.240281
4395	0.240227
4396	0.240172
4397	0.240118
4398	0.240064
4399	0.240009
4400	0.239955
4401	0.239901
4402	0.239847
4403	0.239793
4404	0.23974
4405	0.239686
4406	0.239632
4407	0.239578
4408	0.239525
4409	0.239472
4410	0.239418
4411	0.239365
4412	0.239312
4413	0.239258
4414	0.239205
4415	0.239152
4416	0.2391
4417	0.239047
4418	0.238994
4419	0.238941
4420	0.238889
4421	0.238836
4422	0.238784
4423	0.238731
4424	0.238679
4425	0.238627
4426	0.238575
4427	0.238523
4428	0.238471
4429	0.238419
4430	0.238367
4431	0.238315
4432	0.238263
4433	0.238212
4434	0.23816
4435	0.238109
4436	0.238057
4437	0.238006
4438	0.237955
4439	0.237903
4440	0.237852
4441	0.237801
4442	0.23775
4443	0.237699
4444	0.237649
4445	0.237598
4446	0.237547
4447	0.237497
4448	0.237446
4449	0.237396
4450	0.237345
4451	0.237295
4452	0.237245
4453	0.237194
4454	0.237144
4455	0.237094
4456	0.237044
4457	0.236994
4458	0.236945
4459	0.236895
4460	0.236845
4461	0.236796
4462	0.236746
4463	0.236697
4464	0.236647
4465	0.236598
4466	0.236549
4467	0.236499
4468	0.23645
4469	0.236401
4470	0.236352
4471	0.236303
4472	0.236255
4473	0.236206
4474	0.236157
4475	0.236109
4476	0.23606
4477	0.236012
4478	0.235963
4479	0.235915
4480	0.235867
4481	0.235818
4482	0.23577
4483	0.235722
4484	0.235674
4485	0.235626
4486	0.235578
4487	0.23553
4488	0.235483
4489	0.235435
4490	0.235387
4491	0.23534
4492	0.235293
4493	0.235245
4494	0.235198
4495	0.235151
4496	0.235103
4497	0.235056
4498	0.235009
4499	0.234962
4500	0.234915
4501	0.234868
4502	0.234822
4503	0.234775
4504	0.234728
4505	0.234682
4506	0.234635
4507	0.234589
4508	0.234542
4509	0.234496
4510	0.23445
4511	0.234403
4512	0.234357
4513	0.234311
4514	0.234265
4515	0.234219
4516	0.234173
4517	0.234128
4518	0.234082
4519	0.234036
4520	0.23399
4521	0.233945
4522	0.233899
4523	0.233854
4524	0.233809
4525	0.233763
4526	0.233718
4527	0.233673
4528	0.233628
4529	0.233583
4530	0.233538
4531	0.233493
4532	0.233448
4533	0.233403
4534	0.233358
4535	0.233314
4536	0.233269
4537	0.233225
4538	0.23318
4539	0.233136
4540	0.233091
4541	0.233047
4542	0.233003
4543	0.232959
4544	0.232914
4545	0.23287
4546	0.232826
4547	0.232782
4548	0.232739
4549	0.232695
4550	0.232651
4551	0.232607
4552	0.232564
4553	0.23252
4554	0.232477
4555	0.232433
4556	0.23239
4557	0.232346
4558	0.232303
4559	0.23226
4560	0.232217
4561	0.232174
4562	0.232131
4563	0.232088
4564	0.232045
4565	0.232002
4566	0.231959
4567	0.231916
4568	0.231874
4569	0.231831
4570	0.231789
4571	0.231746
4572	0.231704
4573	0.231661
4574	0.231619
4575	0.231577
4576	0.231534
4577	0.231492
4578	0.23145
4579	0.231408
4580	0.231366
4581	0.231324
4582	0.231282
4583	0.231241
4584	0.231199
4585	0.231157
4586	0.231116
4587	0.231074
4588	0.231032
4589	0.230991
4590	0.23095
4591	0.230908
4592	0.230867
4593	0.230826
4594	0.230785
4595	0.230743
4596	0.230702
4597	0.230661
4598	0.23062
4599	0.230579
4600	0.230539
4601	0.230498
4602	0.230457
4603	0.230416
4604	0.230376
4605	0.230335
4606	0.230295
4607	0.230254
4608	0.230214
4609	0.230174
4610	0.230133
4611	0.230093
4612	0.230053
4613	0.230013
4614	0.229973
4615	0.229933
4616	0.229893
4617	0.229853
4618	0.229813
4619	0.229773
4620	0.229733
4621	0.229694
4622	0.229654
4623	0.229614
4624	0.229575
4625	0.229535
4626	0.229496
4627	0.229456
4628	0.229417
4629	0.229378
4630	0.229339
4631	0.229299
4632	0.22926
4633	0.229221
4634	0.229182
4635	0.229143
4636	0.229104
4637	0.229066
4638	0.229027
4639	0.228988
4640	0.228949
4641	0.228911
4642	0.228872
4643	0.228833
4644	0.228795
4645	0.228757
4646	0.228718
4647	0.22868
4648	0.228641
4649	0.228603
4650	0.228565
4651	0.228527
4652	0.228489
4653	0.228451
4654	0.228413
4655	0.228375
4656	0.228337
4657	0.228299
4658	0.228261
4659	0.228224
4660	0.228186
4661	0.228148
4662	0.228111
4663	0.228073
4664	0.228036
4665	0.227998
4666	0.227961
4667	0.227923
4668	0.227886
4669	0.227849
4670	0.227812
4671	0.227775
4672	0.227737
4673	0.2277
4674	0.227663
4675	0.227626
4676	0.227589
4677	0.227553
4678	0.227516
4679	0.227479
4680	0.227442
4681	0.227406
4682	0.227369
4683	0.227332
4684	0.227296
4685	0.227259
4686	0.227223
4687	0.227187
4688	0.22715
4689	0.227114
4690	0.227078
4691	0.227042
4692	0.227005
4693	0.226969
4694	0.226933
4695	0.226897
4696	0.226861
4697	0.226825
4698	0.226789
4699	0.226754
4700	0.226718
4701	0.226682
4702	0.226646
4703	0.226611
4704	0.226575
4705	0.22654
4706	0.226504
4707	0.226469
4708	0.226433
4709	0.226398
4710	0.226362
4711	0.226327
4712	0.226292
4713	0.226257
4714	0.226222
4715	0.226187
4716	0.226151
4717	0.226116
4718	0.226081
4719	0.226047
4720	0.226012
4721	0.225977
4722	0.225942
4723	0.225907
4724	0.225873
4725	0.225838
4726	0.225803
4727	0.225769
4728	0.225734
4729	0.2257
4730	0.225665
4731	0.225631
4732	0.225596
4733	0.225562
4734	0.225528
4735	0.225494
4736	0.225459
4737	0.225425
4738	0.225391
4739	0.225357
4740	0.225323
4741	0.225289
4742	0.225255
4743	0.225221
4744	0.225187
4745	0.225154
4746	0.22512
4747	0.225086
4748	0.225052
4749	0.225019
4750	0.224985
4751	0.224952
4752	0.224918
4753	0.224885
4754	0.224851
4755	0.224818
4756	0.224785
4757	0.224751
4758	0.224718
4759	0.224685
4760	0.224652
4761	0.224618
4762	0.224585
4763	0.224552
4764	0.224519
4765	0.224486
4766	0.224453
4767	0.22442
4768	0.224387
4769	0.224355
4770	0.224322
4771	0.224289
4772	0.224256
4773	0.224224
4774	0.224191
4775	0.224158
4776	0.224126
4777	0.224093
4778	0.224061
4779	0.224029
4780	0.223996
4781	0.223964
4782	0.223931
4783	0.223899
4784	0.223867
4785	0.223835
4786	0.223803
4787	0.22377
4788	0.223738
4789	0.223706
4790	0.223674
4791	0.223642
4792	0.22361
4793	0.223579
4794	0.223547
4795	0.223515
4796	0.223483
4797	0.223451
4798	0.22342
4799	0.223388
4800	0.223356
4801	0.223325
4802	0.223293
4803	0.223262
4804	0.22323
4805	0.223199
4806	0.223167
4807	0.223136
4808	0.223105
4809	0.223073
4810	0.223042
4811	0.223011
4812	0.22298
4813	0.222948
4814	0.222917
4815	0.222886
4816	0.222855
4817	0.222824
4818	0.222793
4819	0.222762
4820	0.222731
4821	0.222701
4822	0.22267
4823	0.222639
4824	0.222608
4825	0.222577
4826	0.222547
4827	0.222516
4828	0.222485
4829	0.222455
4830	0.222424
4831	0.222394
4832	0.222363
4833	0.222333
4834	0.222303
4835	0.222272
4836	0.222242
4837	0.222212
4838	0.222181
4839	0.222151
4840	0.222121
4841	0.222091
4842	0.22206
4843	0.22203
4844	0.222
4845	0.22197
4846	0.22194
4847	0.22191
4848	0.22188
4849	0.221851
4850	0.221821
4851	0.221791
4852	0.221761
4853	0.221731
4854	0.221702
4855	0.221672
4856	0.221642
4857	0.221613
4858	0.221583
4859	0.221553
4860	0.221524
4861	0.221494
4862	0.221465
4863	0.221435
4864	0.221406
4865	0.221377
4866	0.221347
4867	0.221318
4868	0.221289
4869	0.22126
4870	0.22123
4871	0.221201
4872	0.221172
4873	0.221143
4874	0.221114
4875	0.221085
4876	0.221056
4877	0.221027
4878	0.220998
4879	0.220969
4880	0.22094
4881	0.220911
4882	0.220882
4883	0.220853
4884	0.220825
4885	0.220796
4886	0.220767
4887	0.220739
4888	0.22071
4889	0.220681
4890	0.220653
4891	0.220624
4892	0.220596
4893	0.220567
4894	0.220539
4895	0.22051
4896	0.220482
4897	0.220453
4898	0.220425
4899	0.220397
4900	0.220369
4901	0.22034
4902	0.220312
4903	0.220284
4904	0.220256
4905	0.220228
4906	0.220199
4907	0.220171
4908	0.220143
4909	0.220115
4910	0.220087
4911	0.220059
4912	0.220031
4913	0.220003
4914	0.219976
4915	0.219948
4916	0.21992
4917	0.219892
4918	0.219864
4919	0.219837
4920	0.219809
4921	0.219781
4922	0.219754
4923	0.219726
4924	0.219698
4925	0.219671
4926	0.219643
4927	0.219616
4928	0.219588
4929	0.219561
4930	0.219534
4931	0.219506
4932	0.219479
4933	0.219451
4934	0.219424
4935	0.219397
4936	0.21937
4937	0.219342
4938	0.219315
4939	0.219288
4940	0.219261
4941	0.219234
4942	0.219207
4943	0.21918
4944	0.219152
4945	0.219125
4946	0.219098
4947	0.219072
4948	0.219045
4949	0.219018
4950	0.218991
4951	0.218964
4952	0.218937
4953	0.21891
4954	0.218884
4955	0.218857
4956	0.21883
4957	0.218803
4958	0.218777
4959	0.21875
4960	0.218723
4961	0.218697
4962	0.21867
4963	0.218644
4964	0.218617
4965	0.218591
4966	0.218564
4967	0.218538
4968	0.218511
4969	0.218485
4970	0.218459
4971	0.218432
4972	0.218406
4973	0.21838
4974	0.218353
4975	0.218327
4976	0.218301
4977	0.218275
4978	0.218249
4979	0.218222
4980	0.218196
4981	0.21817
4982	0.218144
4983	0.218118
4984	0.218092
4985	0.218066
4986	0.21804
4987	0.218014
4988	0.217988
4989	0.217962
4990	0.217936
4991	0.217911
4992	0.217885
4993	0.217859
4994	0.217833
4995	0.217807
4996	0.217782
4997	0.217756
4998	0.21773
4999	0.217705
5000	0.217679
